20090001 157 77
20090002 156 77
20090003 152 77
20090004 152 75
20090005 151 73
20090006 161 74
20090007 160 74
20090008 156 71
20090009 150 66
20090010 154 65
20090011 143 68
20090012 151 73
20090013 155 78
20090014 162 78
20090015 166 76
20090016 150 78
20090017 151 77
20090018 153 79
20090019 153 86
20090020 148 90
20090021 149 94
20090022 154 96
20090023 154 97
20090024 164 100
20090025 178 99
20090026 190 108
20090027 189 111
20090028 189 105
20090029 182 102
20090030 178 100
20090031 179 100
20090101 173 102
20090102 193 102
20090103 198 103
20090104 202 104
20090105 199 104
20090106 201 101
20090107 202 103
20090108 204 103
20090109 202 104
20090110 213 108
20090111 218 106
20090112 225 102
20090113 222 101
20090114 219 101
20090115 219 98
20090116 222 100
20090117 223 102
20090118 224 101
20090119 232 97
20090120 244 94
20090121 242 92
20090122 245 91
20090123 241 90
20090124 229 92
20090125 218 87
20090126 218 83
20090127 220 85
20090128 223 88
20090201 229 89
20090202 235 90
20090203 244 88
20090204 225 88
20090205 220 93
20090206 215 92
20090207 208 93
20090208 204 92
20090209 209 91
20090210 213 89
20090211 210 87
20090212 200 80
20090213 195 79
20090214 184 83
20090215 185 82
20090216 190 81
20090217 191 84
20090218 190 78
20090219 190 75
20090220 187 71
20090221 178 68
20090222 167 64
20090223 167 66
20090224 163 66
20090225 157 64
20090226 159 63
20090227 162 62
20090228 160 61
20090229 159 58
20090230 155 54
20090231 150 56
20090301 148 54
20090302 148 53
20090303 148 53
20090304 149 48
20090305 149 53
20090306 147 50
20090307 152 51
20090308 149 52
20090309 144 53
20090310 148 53
20090311 150 54
20090312 146 55
20090313 151 50
20090314 153 59
20090315 151 61
20090316 153 61
20090317 154 63
20090318 152 63
20090319 152 61
20090320 149 60
20090321 147 61
20090322 143 60
20090323 142 59
20090324 140 62
20090325 135 60
20090326 131 59
20090327 139 62
20090328 140 65
20090329 141 65
20090330 139 64
20090401 135 65
20090402 131 64
20090403 131 70
20090404 134 72
20090405 141 67
20090406 145 68
20090407 141 66
20090408 136 63
20090409 138 67
20090410 131 66
20090411 131 65
20090412 130 65
20090413 128 67
20090414 131 57
20090415 130 56
20090416 129 53
20090417 127 54
20090418 127 54
20090419 127 54
20090420 129 59
20090421 129 59
20090422 131 58
20090423 130 60
20090424 132 57
20090425 139 59
20090426 142 58
20090427 142 55
20090428 137 53
20090429 137 55
20090430 140 58
20090431 145 57
20090501 140 57
20090502 140 58
20090503 145 55
20090504 137 57
20090505 136 56
20090506 137 57
20090507 137 60
20090508 133 63
20090509 149 66
20090510 153 66
20090511 153 66
20090512 156 68
20090513 153 70
20090514 153 70
20090515 161 77
20090516 162 79
20090517 161 80
20090518 163 81
20090519 167 78
20090520 167 79
20090521 170 80
20090522 175 78
20090523 176 77
20090524 173 74
20090525 171 77
20090526 167 82
20090527 167 82
20090528 168 80
20090529 169 79
20090530 167 82
20090601 166 81
20090602 163 74
20090603 154 74
20090604 156 76
20090605 156 78
20090606 157 80
20090607 161 79
20090608 169 74
20090609 157 73
20090610 155 78
20090611 160 79
20090612 157 77
20090613 156 80
20090614 160 83
20090615 152 76
20090616 153 73
20090617 152 74
20090618 151 74
20090619 147 72
20090620 148 76
20090621 144 80
20090622 140 83
20090623 137 84
20090624 136 83
20090625 136 80
20090626 137 75
20090627 147 76
20090628 143 76
20090629 140 72
20090630 148 72
20090631 158 72
20090701 161 81
20090702 166 82
20090703 167 80
20090704 174 78
20090705 180 76
20090706 187 75
20090707 182 75
20090708 181 77
20090709 181 77
20090710 177 75
20090711 187 76
20090712 183 74
20090713 181 70
20090714 178 85
20090715 177 87
20090716 175 84
20090717 182 82
20090718 180 82
20090719 176 88
20090720 195 84
20090721 197 82
20090722 203 81
20090723 202 87
20090724 201 90
20090725 204 96
20090726 198 96
20090727 198 98
20090728 200 98
20090729 193 97
20090730 185 99
20090731 185 93
20090801 183 94
20090802 184 95
20090803 183 97
20090804 180 97
20090805 174 98
20090806 177 96
20090807 177 95
20090808 178 93
20090809 177 94
20090810 166 99
20090811 179 98
20090812 178 107
20090813 177 96
20090814 183 94
20090815 185 96
20090816 181 100
20090817 192 111
20090818 196 104
20090819 178 106
20090820 175 109
20090821 172 112
20090822 186 107
20090823 191 113
20090824 190 108
20090825 186 107
20090826 189 106
20090827 187 107
20090828 189 106
20090829 191 105
20090830 193 102
20090901 191 105
20090902 190 105
20090903 182 112
20090904 176 114
20090905 177 112
20090906 204 114
20090907 206 115
20090908 203 111
20090909 202 110
20090910 200 102
20090911 189 101
20090912 193 95
20090913 194 91
20090914 190 93
20090915 191 97
20090916 188 96
20090917 181 85
20090918 181 86
20090919 179 83
20090920 180 92
20090921 181 88
20090922 168 91
20090923 163 89
20090924 154 90
20090925 154 91
20090926 152 90
20090927 151 90
20090928 150 89
20090929 148 92
20090930 146 97
20090931 150 92
20091001 147 90
20091002 151 85
20091003 151 85
20091004 149 86
20091005 116 85
20091006 116 84
20091007 112 87
20091008 111 87
20091009 115 88
20091010 116 88
20091011 110 87
20091012 114 89
20091013 110 90
20091014 109 87
20091015 108 90
20091016 111 91
20091017 113 90
20091018 115 169
20091019 127 159
20091020 128 159
20091021 131 156
20091022 132 150
20091023 140 154
20091024 144 155
20091025 145 154
20091026 149 157
20091027 148 159
20091028 149 156
20091029 148 157
20091030 149 163
20091101 155 164
20091102 157 162
20091103 161 160
20091104 162 167
20091105 163 168
20091106 164 168
20091107 171 167
20091108 173 165
20091109 175 165
20091110 175 164
20091111 179 162
20091112 181 159
20091113 186 155
20091114 185 153
20091115 186 147
20091116 187 150
20091117 183 147
20091118 183 67
20091119 170 65
20091120 162 67
20091121 156 68
20091122 152 67
20091123 144 61
20091124 138 67
20091125 134 68
20091126 128 83
20091127 121 86
20091128 116 85
20091129 113 78
20091130 105 103
20091131 98 107
20100001 90 112
20100002 89 112
20100003 90 104
20100004 89 114
20100005 103 112
20100006 99 114
20100007 99 116
20100008 100 126
20100009 100 129
20100010 97 133
20100011 95 142
20100012 93 145
20100013 98 150
20100014 99 154
20100015 100 156
20100016 103 158
20100017 106 162
20100018 111 163
20100019 117 175
20100020 120 175
20100021 124 182
20100022 132 184
20100023 135 176
20100024 141 188
20100025 146 181
20100026 152 189
20100027 153 194
20100028 157 203
20100029 162 174
20100030 166 168
20100031 166 162
20100101 164 162
20100102 160 163
20100103 164 152
20100104 151 150
20100105 154 152
20100106 154 152
20100107 153 142
20100108 152 141
20100109 157 137
20100110 155 132
20100111 156 131
20100112 153 131
20100113 154 129
20100114 146 127
20100115 146 123
20100116 141 119
20100117 139 119
20100118 139 107
20100119 143 112
20100120 143 105
20100121 140 104
20100122 141 104
20100123 142 94
20100124 146 84
20100125 146 73
20100126 147 70
20100127 144 63
20100128 145 69
20100201 149 71
20100202 151 72
20100203 153 72
20100204 155 74
20100205 152 77
20100206 148 78
20100207 147 73
20100208 144 71
20100209 140 70
20100210 137 70
20100211 132 70
20100212 130 69
20100213 125 66
20100214 124 151
20100215 126 157
20100216 129 155
20100217 127 157
20100218 127 158
20100219 124 157
20100220 124 157
20100221 121 151
20100222 118 152
20100223 118 154
20100224 122 153
20100225 119 152
20100226 113 151
20100227 109 152
20100228 108 153
20100229 111 157
20100230 110 152
20100231 108 153
20100301 108 151
20100302 105 152
20100303 105 149
20100304 104 146
20100305 102 148
20100306 109 149
20100307 114 151
20100308 121 154
20100309 121 153
20100310 122 153
20100311 121 152
20100312 125 152
20100313 122 62
20100314 117 54
20100315 117 54
20100316 118 54
20100317 117 59
20100318 118 59
20100319 119 60
20100320 126 61
20100321 129 60
20100322 129 61
20100323 132 63
20100324 135 64
20100325 135 64
20100326 140 63
20100327 144 60
20100328 144 56
20100329 140 53
20100330 139 51
20100401 141 54
20100402 147 53
20100403 154 53
20100404 157 55
20100405 168 56
20100406 163 57
20100407 164 58
20100408 158 55
20100409 163 56
20100410 174 59
20100411 178 59
20100412 174 62
20100413 180 61
20100414 183 63
20100415 180 62
20100416 182 61
20100417 182 57
20100418 190 58
20100419 185 67
20100420 187 67
20100421 190 70
20100422 190 66
20100423 182 65
20100424 181 66
20100425 186 70
20100426 182 70
20100427 183 72
20100428 187 71
20100429 195 74
20100430 196 80
20100431 196 80
20100501 190 82
20100502 183 85
20100503 189 81
20100504 184 77
20100505 180 74
20100506 176 74
20100507 179 77
20100508 178 77
20100509 167 78
20100510 169 82
20100511 175 82
20100512 172 81
20100513 172 86
20100514 178 86
20100515 177 88
20100516 182 86
20100517 177 88
20100518 187 79
20100519 179 80
20100520 183 78
20100521 184 79
20100522 189 80
20100523 187 99
20100524 183 95
20100525 186 97
20100526 183 99
20100527 177 100
20100528 174 103
20100529 170 104
20100530 170 102
20100601 173 100
20100602 170 97
20100603 162 100
20100604 160 101
20100605 159 104
20100606 163 102
20100607 162 101
20100608 160 101
20100609 164 100
20100610 166 96
20100611 164 95
20100612 168 99
20100613 168 96
20100614 164 97
20100615 167 96
20100616 172 102
20100617 168 99
20100618 159 97
20100619 158 95
20100620 153 96
20100621 159 103
20100622 158 102
20100623 156 79
20100624 159 81
20100625 157 78
20100626 157 81
20100627 161 79
20100628 163 75
20100629 169 68
20100630 171 71
20100631 167 73
20100701 170 79
20100702 174 77
20100703 175 77
20100704 176 75
20100705 174 75
20100706 179 74
20100707 176 78
20100708 175 77
20100709 173 75
20100710 169 73
20100711 170 73
20100712 165 70
20100713 165 78
20100714 162 81
20100715 154 78
20100716 154 85
20100717 156 84
20100718 159 86
20100719 154 86
20100720 146 84
20100721 142 92
20100722 142 94
20100723 137 98
20100724 134 99
20100725 140 96
20100726 142 97
20100727 138 97
20100728 136 96
20100729 132 95
20100730 140 95
20100731 144 92
20100801 145 92
20100802 142 92
20100803 142 93
20100804 141 95
20100805 135 95
20100806 136 93
20100807 134 95
20100808 130 96
20100809 132 98
20100810 126 96
20100811 129 98
20100812 137 88
20100813 137 84
20100814 136 84
20100815 137 79
20100816 143 84
20100817 144 82
20100818 147 80
20100819 146 79
20100820 147 73
20100821 149 74
20100822 149 70
20100823 153 68
20100824 149 68
20100825 144 70
20100826 146 72
20100827 148 76
20100828 149 74
20100829 148 86
20100830 143 83
20100901 137 90
20100902 140 91
20100903 139 93
20100904 138 94
20100905 137 94
20100906 141 92
20100907 138 94
20100908 138 94
20100909 137 93
20100910 138 93
20100911 135 91
20100912 132 96
20100913 130 98
20100914 132 96
20100915 134 93
20100916 126 90
20100917 121 102
20100918 125 103
20100919 125 101
20100920 126 102
20100921 128 102
20100922 132 102
20100923 129 106
20100924 127 106
20100925 127 107
20100926 125 105
20100927 121 103
20100928 125 104
20100929 121 93
20100930 120 98
20100931 118 93
20101001 116 92
20101002 118 88
20101003 116 85
20101004 117 89
20101005 117 88
20101006 122 82
20101007 118 85
20101008 115 84
20101009 114 84
20101010 118 85
20101011 116 82
20101012 121 84
20101013 119 85
20101014 119 87
20101015 122 86
20101016 123 75
20101017 120 74
20101018 119 74
20101019 115 72
20101020 115 77
20101021 116 76
20101022 119 75
20101023 118 73
20101024 121 71
20101025 121 73
20101026 127 72
20101027 125 72
20101028 129 68
20101029 134 63
20101030 135 61
20101101 138 69
20101102 139 73
20101103 147 82
20101104 151 79
20101105 152 88
20101106 154 93
20101107 164 92
20101108 170 97
20101109 173 100
20101110 178 101
20101111 176 101
20101112 173 98
20101113 175 98
20101114 172 100
20101115 171 102
20101116 172 102
20101117 174 102
20101118 175 109
20101119 182 115
20101120 182 109
20101121 182 108
20101122 183 107
20101123 186 109
20101124 188 109
20101125 188 105
20101126 181 105
20101127 180 108
20101128 178 108
20101129 177 109
20101130 179 108
20101131 174 101
20110001 170 101
20110002 164 93
20110003 163 91
20110004 160 83
20110005 159 81
20110006 153 80
20110007 153 76
20110008 151 71
20110009 144 73
20110010 147 75
20110011 145 74
20110012 144 76
20110013 146 75
20110014 149 73
20110015 145 73
20110016 140 75
20110017 141 65
20110018 137 58
20110019 134 57
20110020 131 59
20110021 129 65
20110022 129 71
20110023 127 76
20110024 133 77
20110025 131 77
20110026 135 73
20110027 133 87
20110028 131 89
20110029 131 91
20110030 134 91
20110031 136 90
20110101 139 94
20110102 138 97
20110103 138 97
20110104 137 98
20110105 136 98
20110106 130 101
20110107 129 103
20110108 129 99
20110109 126 98
20110110 126 103
20110111 124 106
20110112 125 105
20110113 120 107
20110114 125 105
20110115 126 107
20110116 133 107
20110117 135 109
20110118 135 112
20110119 132 109
20110120 134 103
20110121 130 96
20110122 129 96
20110123 121 104
20110124 125 105
20110125 119 108
20110126 119 99
20110127 118 100
20110128 123 102
20110201 124 108
20110202 130 115
20110203 132 116
20110204 130 126
20110205 132 126
20110206 133 133
20110207 137 131
20110208 141 148
20110209 146 149
20110210 148 152
20110211 150 151
20110212 150 147
20110213 155 143
20110214 155 143
20110215 160 141
20110216 156 145
20110217 161 141
20110218 159 143
20110219 157 141
20110220 160 140
20110221 169 145
20110222 171 151
20110223 177 150
20110224 179 144
20110225 180 136
20110226 181 134
20110227 180 130
20110228 184 130
20110229 185 127
20110230 180 128
20110231 188 121
20110301 183 112
20110302 177 108
20110303 177 100
20110304 177 103
20110305 173 93
20110306 172 95
20110307 171 76
20110308 169 75
20110309 171 80
20110310 170 82
20110311 174 81
20110312 169 82
20110313 172 81
20110314 168 81
20110315 170 79
20110316 165 79
20110317 158 78
20110318 157 77
20110319 153 74
20110320 146 69
20110321 141 62
20110322 138 64
20110323 132 66
20110324 130 67
20110325 131 71
20110326 133 71
20110327 131 68
20110328 131 67
20110329 133 62
20110330 125 62
20110401 122 66
20110402 121 66
20110403 122 65
20110404 119 68
20110405 120 68
20110406 122 70
20110407 122 72
20110408 118 75
20110409 114 66
20110410 112 65
20110411 113 64
20110412 117 61
20110413 111 64
20110414 109 65
20110415 105 65
20110416 107 67
20110417 110 66
20110418 116 66
20110419 119 78
20110420 121 80
20110421 121 82
20110422 122 84
20110423 123 82
20110424 127 83
20110425 123 82
20110426 120 88
20110427 122 101
20110428 120 107
20110429 117 111
20110430 119 110
20110431 123 107
20110501 125 107
20110502 124 103
20110503 126 100
20110504 125 101
20110505 122 99
20110506 124 96
20110507 126 92
20110508 131 94
20110509 133 93
20110510 128 95
20110511 123 95
20110512 126 91
20110513 129 92
20110514 139 93
20110515 141 92
20110516 140 93
20110517 133 98
20110518 132 90
20110519 130 90
20110520 134 89
20110521 133 84
20110522 134 83
20110523 133 81
20110524 138 84
20110525 139 83
20110526 133 73
20110527 137 71
20110528 141 78
20110529 138 88
20110530 137 93
20110601 137 131
20110602 136 154
20110603 134 162
20110604 133 171
20110605 131 179
20110606 132 196
20110607 137 220
20110608 132 303
20110609 135 334
20110610 134 395
20110611 144 436
20110612 143 491
20110613 141 528
20110614 137 544
20110615 135 562
20110616 133 563
20110617 136 563
20110618 139 562
20110619 140 561
20110620 138 561
20110621 137 564
20110622 141 568
20110623 142 568
20110624 140 563
20110625 143 559
20110626 143 563
20110627 145 567
20110628 146 561
20110629 146 552
20110630 147 549
20110631 145 509
20110701 150 501
20110702 151 490
20110703 151 483
20110704 153 474
20110705 147 458
20110706 144 435
20110707 142 354
20110708 136 328
20110709 138 266
20110710 131 224
20110711 132 173
20110712 131 134
20110713 131 119
20110714 127 100
20110715 130 99
20110716 127 99
20110717 122 96
20110718 123 96
20110719 121 106
20110720 119 111
20110721 115 111
20110722 114 113
20110723 115 120
20110724 120 123
20110725 127 120
20110726 123 112
20110727 120 109
20110728 120 110
20110729 118 110
20110730 124 110
20110731 119 98
20110801 120 98
20110802 118 94
20110803 115 103
20110804 119 105
20110805 121 110
20110806 125 108
20110807 128 107
20110808 125 110
20110809 122 135
20110810 121 163
20110811 124 169
20110812 125 166
20110813 128 166
20110814 129 169
20110815 133 182
20110816 136 203
20110817 140 227
20110818 141 226
20110819 146 223
20110820 151 234
20110821 148 234
20110822 146 227
20110823 140 227
20110824 135 234
20110825 136 239
20110826 138 242
20110827 142 244
20110828 142 241
20110829 138 244
20110830 137 246
20110901 142 245
20110902 146 257
20110903 149 256
20110904 151 269
20110905 146 285
20110906 147 290
20110907 148 290
20110908 155 287
20110909 158 264
20110910 157 239
20110911 158 238
20110912 157 239
20110913 155 242
20110914 159 238
20110915 155 221
20110916 154 206
20110917 148 185
20110918 150 179
20110919 152 177
20110920 152 166
20110921 158 164
20110922 159 169
20110923 157 170
20110924 162 162
20110925 162 161
20110926 164 158
20110927 160 162
20110928 161 164
20110929 163 164
20110930 167 161
20110931 168 162
20111001 170 153
20111002 167 147
20111003 167 133
20111004 170 110
20111005 169 111
20111006 176 108
20111007 174 114
20111008 176 119
20111009 179 115
20111010 177 111
20111011 173 109
20111012 175 107
20111013 173 111
20111014 176 112
20111015 178 116
20111016 179 112
20111017 176 112
20111018 170 114
20111019 168 116
20111020 166 121
20111021 165 120
20111022 174 117
20111023 173 113
20111024 176 116
20111025 171 114
20111026 168 106
20111027 165 104
20111028 164 107
20111029 161 108
20111030 162 111
20111101 167 114
20111102 172 113
20111103 171 113
20111104 173 123
20111105 172 119
20111106 164 119
20111107 162 115
20111108 157 113
20111109 156 115
20111110 165 115
20111111 168 116
20111112 168 115
20111113 167 111
20111114 168 110
20111115 163 107
20111116 165 108
20111117 163 103
20111118 164 98
20111119 164 93
20111120 161 88
20111121 162 85
20111122 154 85
20111123 149 86
20111124 144 82
20111125 142 82
20111126 145 86
20111127 152 85
20111128 153 78
20111129 159 77
20111130 154 77
20111131 143 72
20120001 140 70
20120002 137 67
20120003 132 57
20120004 130 61
20120005 126 85
20120006 123 86
20120007 122 83
20120008 125 80
20120009 116 83
20120010 112 87
20120011 111 87
20120012 107 89
20120013 105 92
20120014 112 87
20120015 111 87
20120016 111 91
20120017 114 92
20120018 116 93
20120019 117 92
20120020 115 91
20120021 114 94
20120022 116 94
20120023 117 94
20120024 123 101
20120025 122 104
20120026 123 123
20120027 121 138
20120028 116 138
20120029 115 138
20120030 131 146
20120031 136 150
20120101 138 153
20120102 143 158
20120103 151 155
20120104 157 136
20120105 159 141
20120106 163 146
20120107 165 147
20120108 168 146
20120109 172 145
20120110 176 149
20120111 180 149
20120112 179 147
20120113 176 150
20120114 173 149
20120115 176 152
20120116 174 152
20120117 173 154
20120118 174 157
20120119 173 156
20120120 179 181
20120121 176 183
20120122 178 184
20120123 173 183
20120124 173 182
20120125 164 165
20120126 165 153
20120127 169 152
20120128 167 149
20120129 155 141
20120201 149 137
20120202 148 139
20120203 143 135
20120204 141 133
20120205 140 127
20120206 146 119
20120207 143 114
20120208 138 125
20120209 137 123
20120210 134 133
20120211 130 134
20120212 127 135
20120213 129 136
20120214 127 135
20120215 130 137
20120216 131 133
20120217 133 132
20120218 129 128
20120219 126 128
20120220 131 140
20120221 125 114
20120222 133 116
20120223 132 116
20120224 134 113
20120225 131 114
20120226 135 138
20120227 133 136
20120228 133 136
20120229 139 136
20120230 139 138
20120231 140 144
20120301 142 141
20120302 144 142
20120303 142 142
20120304 147 140
20120305 142 142
20120306 143 142
20120307 143 131
20120308 141 141
20120309 144 141
20120310 146 148
20120311 150 158
20120312 147 162
20120313 147 161
20120314 145 161
20120315 144 166
20120316 146 167
20120317 148 170
20120318 152 178
20120319 153 179
20120320 155 178
20120321 157 177
20120322 153 186
20120323 155 184
20120324 167 184
20120325 167 163
20120326 174 163
20120327 176 162
20120328 169 163
20120329 171 162
20120330 172 161
20120401 170 162
20120402 170 161
20120403 166 159
20120404 161 162
20120405 162 161
20120406 165 161
20120407 162 162
20120408 163 155
20120409 162 143
20120410 161 130
20120411 156 121
20120412 159 120
20120413 158 120
20120414 157 121
20120415 162 117
20120416 160 117
20120417 162 117
20120418 166 108
20120419 164 96
20120420 163 96
20120421 159 91
20120422 162 82
20120423 159 82
20120424 152 77
20120425 151 74
20120426 145 75
20120427 141 77
20120428 142 83
20120429 138 89
20120430 142 86
20120431 142 88
20120501 141 91
20120502 149 92
20120503 145 92
20120504 147 92
20120505 145 93
20120506 146 95
20120507 144 96
20120508 146 97
20120509 149 101
20120510 150 102
20120511 149 96
20120512 156 98
20120513 165 96
20120514 167 93
20120515 169 94
20120516 165 95
20120517 159 100
20120518 157 104
20120519 163 110
20120520 158 123
20120521 158 122
20120522 156 128
20120523 152 134
20120524 151 133
20120525 154 131
20120526 149 133
20120527 152 128
20120528 154 120
20120529 152 121
20120530 153 119
20120601 152 119
20120602 148 121
20120603 152 118
20120604 151 118
20120605 149 128
20120606 150 127
20120607 150 124
20120608 146 123
20120609 147 124
20120610 147 122
20120611 155 125
20120612 151 126
20120613 151 126
20120614 141 128
20120615 136 131
20120616 138 139
20120617 146 143
20120618 152 139
20120619 149 135
20120620 151 123
20120621 157 121
20120622 159 115
20120623 162 111
20120624 161 112
20120625 158 115
20120626 171 117
20120627 173 127
20120628 177 131
20120629 173 134
20120630 175 136
20120631 184 133
20120701 184 134
20120702 188 136
20120703 185 145
20120704 190 138
20120705 188 144
20120706 191 145
20120707 194 147
20120708 188 146
20120709 187 144
20120710 182 143
20120711 181 139
20120712 172 152
20120713 175 171
20120714 178 169
20120715 174 160
20120716 167 156
20120717 160 155
20120718 160 155
20120719 159 157
20120720 154 165
20120721 155 166
20120722 156 163
20120723 156 162
20120724 157 164
20120725 151 168
20120726 147 158
20120727 143 157
20120728 145 155
20120729 146 153
20120730 139 155
20120731 137 158
20120801 131 159
20120802 138 148
20120803 135 144
20120804 140 139
20120805 141 143
20120806 145 150
20120807 149 153
20120808 156 153
20120809 155 158
20120810 159 162
20120811 167 157
20120812 171 138
20120813 171 138
20120814 178 143
20120815 177 143
20120816 176 152
20120817 174 150
20120818 175 151
20120819 172 145
20120820 169 147
20120821 167 154
20120822 169 158
20120823 168 162
20120824 169 155
20120825 170 154
20120826 171 153
20120827 169 154
20120828 168 153
20120829 168 153
20120830 165 153
20120901 169 158
20120902 168 163
20120903 173 173
20120904 170 171
20120905 166 177
20120906 165 175
20120907 166 178
20120908 158 182
20120909 156 175
20120910 152 175
20120911 147 173
20120912 141 171
20120913 140 169
20120914 141 163
20120915 142 160
20120916 140 153
20120917 137 158
20120918 142 159
20120919 148 162
20120920 153 160
20120921 152 159
20120922 157 162
20120923 156 160
20120924 156 160
20120925 158 164
20120926 154 163
20120927 153 170
20120928 155 175
20120929 159 176
20120930 161 172
20120931 154 165
20121001 153 163
20121002 149 160
20121003 148 160
20121004 152 153
20121005 148 148
20121006 148 142
20121007 153 144
20121008 159 146
20121009 159 142
20121010 162 138
20121011 168 140
20121012 170 144
20121013 165 149
20121014 164 150
20121015 172 164
20121016 178 167
20121017 172 164
20121018 173 161
20121019 176 161
20121020 177 159
20121021 175 159
20121022 177 157
20121023 176 167
20121024 175 164
20121025 184 169
20121026 189 164
20121027 190 161
20121028 187 166
20121029 189 173
20121030 195 179
20121101 192 178
20121102 199 175
20121103 202 182
20121104 200 179
20121105 202 180
20121106 202 194
20121107 203 192
20121108 196 191
20121109 194 191
20121110 192 196
20121111 193 205
20121112 196 199
20121113 198 198
20121114 200 198
20121115 200 182
20121116 196 179
20121117 198 181
20121118 193 183
20121119 191 192
20121120 198 191
20121121 199 184
20121122 198 185
20121123 192 172
20121124 198 174
20121125 191 169
20121126 188 168
20121127 185 165
20121128 188 159
20121129 187 150
20121130 184 154
20121131 189 157
20130001 184 156
20130002 188 157
20130003 189 156
20130004 185 155
20130005 182 142
20130006 175 140
20130007 180 145
20130008 181 145
20130009 178 138
20130010 180 132
20130011 173 133
20130012 173 134
20130013 175 131
20130014 177 138
20130015 182 135
20130016 188 132
20130017 193 131
20130018 194 128
20130019 190 129
20130020 186 129
20130021 188 126
20130022 192 133
20130023 185 129
20130024 186 131
20130025 186 129
20130026 189 130
20130027 187 128
20130028 193 127
20130029 193 121
20130030 187 119
20130031 189 120
20130101 182 113
20130102 179 119
20130103 188 117
20130104 189 115
20130105 189 126
20130106 184 149
20130107 190 157
20130108 190 165
20130109 186 166
20130110 195 173
20130111 195 178
20130112 198 193
20130113 193 189
20130114 190 193
20130115 187 230
20130116 184 234
20130117 181 234
20130118 185 237
20130119 188 241
20130120 186 248
20130121 185 248
20130122 191 255
20130123 189 254
20130124 194 254
20130125 190 254
20130126 191 255
20130127 191 255
20130128 190 253
20130201 193 255
20130202 191 250
20130203 193 251
20130204 195 248
20130205 195 248
20130206 199 245
20130207 200 231
20130208 200 205
20130209 193 197
20130210 195 195
20130211 194 193
20130212 191 190
20130213 193 183
20130214 195 166
20130215 193 165
20130216 199 161
20130217 195 129
20130218 195 125
20130219 195 120
20130220 192 112
20130221 188 108
20130222 196 101
20130223 196 95
20130224 188 88
20130225 189 89
20130226 186 89
20130227 187 88
20130228 190 96
20130229 187 96
20130230 191 95
20130231 188 93
20130301 187 93
20130302 186 92
20130303 187 94
20130304 181 100
20130305 180 103
20130306 180 106
20130307 178 106
20130308 181 106
20130309 184 100
20130310 181 95
20130311 181 91
20130312 176 87
20130313 168 89
20130314 166 89
20130315 162 88
20130316 162 86
20130317 161 85
20130318 159 84
20130319 152 90
20130320 151 93
20130321 142 93
20130322 142 92
20130323 142 93
20130324 145 92
20130325 146 95
20130326 148 103
20130327 150 94
20130328 147 93
20130329 147 94
20130330 150 93
20130401 148 92
20130402 150 88
20130403 151 84
20130404 150 81
20130405 145 91
20130406 144 96
20130407 150 98
20130408 150 98
20130409 145 97
20130410 146 100
20130411 142 102
20130412 140 103
20130413 137 107
20130414 143 107
20130415 140 106
20130416 138 106
20130417 137 105
20130418 135 105
20130419 136 101
20130420 137 99
20130421 140 101
20130422 143 106
20130423 152 107
20130424 151 107
20130425 152 103
20130426 147 96
20130427 140 97
20130428 139 103
20130429 138 101
20130430 137 99
20130431 138 99
20130501 135 100
20130502 134 97
20130503 138 95
20130504 138 85
20130505 140 77
20130506 138 77
20130507 136 77
20130508 137 80
20130509 138 78
20130510 134 81
20130511 137 83
20130512 144 82
20130513 144 86
20130514 146 84
20130515 148 84
20130516 152 88
20130517 156 91
20130518 163 100
20130519 168 105
20130520 171 102
20130521 167 97
20130522 160 99
20130523 162 98
20130524 160 101
20130525 164 102
20130526 165 103
20130527 168 99
20130528 168 99
20130529 168 101
20130530 169 105
20130601 169 106
20130602 170 110
20130603 169 108
20130604 177 112
20130605 179 117
20130606 179 114
20130607 180 119
20130608 191 126
20130609 189 127
20130610 192 127
20130611 193 124
20130612 192 120
20130613 186 116
20130614 183 120
20130615 182 120
20130616 180 117
20130617 183 116
20130618 179 107
20130619 176 101
20130620 170 101
20130621 173 106
20130622 176 102
20130623 175 105
20130624 176 105
20130625 172 104
20130626 172 102
20130627 170 100
20130628 169 102
20130629 168 108
20130630 168 109
20130631 171 109
20130701 169 104
20130702 170 104
20130703 165 98
20130704 163 98
20130705 164 98
20130706 164 94
20130707 154 89
20130708 156 89
20130709 158 83
20130710 154 85
20130711 150 90
20130712 154 90
20130713 159 86
20130714 160 89
20130715 159 89
20130716 155 87
20130717 158 86
20130718 156 86
20130719 161 86
20130720 160 86
20130721 158 85
20130722 156 85
20130723 154 82
20130724 157 83
20130725 155 86
20130726 154 89
20130727 152 91
20130728 149 84
20130729 151 80
20130730 155 83
20130731 152 84
20130801 149 89
20130802 151 91
20130803 156 87
20130804 152 89
20130805 154 90
20130806 158 86
20130807 158 87
20130808 158 89
20130809 159 91
20130810 166 92
20130811 174 94
20130812 167 96
20130813 170 93
20130814 169 93
20130815 173 96
20130816 173 98
20130817 173 99
20130818 168 100
20130819 171 96
20130820 169 98
20130821 170 95
20130822 166 92
20130823 167 90
20130824 168 87
20130825 168 84
20130826 169 82
20130827 171 81
20130828 171 82
20130829 164 78
20130830 169 78
20130901 169 73
20130902 165 72
20130903 166 72
20130904 166 68
20130905 163 72
20130906 160 75
20130907 160 78
20130908 163 92
20130909 171 91
20130910 165 85
20130911 153 86
20130912 158 86
20130913 153 82
20130914 154 85
20130915 153 86
20130916 151 85
20130917 152 85
20130918 156 84
20130919 151 83
20130920 151 85
20130921 153 86
20130922 157 91
20130923 155 97
20130924 156 100
20130925 161 101
20130926 159 100
20130927 163 103
20130928 160 104
20130929 161 106
20130930 163 106
20130931 163 107
20131001 165 106
20131002 161 106
20131003 163 111
20131004 166 111
20131005 166 109
20131006 167 105
20131007 163 92
20131008 158 89
20131009 159 91
20131010 168 87
20131011 168 88
20131012 177 90
20131013 176 187
20131014 175 181
20131015 175 182
20131016 173 182
20131017 172 182
20131018 172 184
20131019 171 180
20131020 171 183
20131021 170 184
20131022 169 179
20131023 166 181
20131024 165 183
20131025 168 186
20131026 162 186
20131027 159 187
20131028 164 188
20131029 163 189
20131030 169 196
20131101 167 200
20131102 171 202
20131103 176 201
20131104 181 196
20131105 181 199
20131106 191 201
20131107 188 203
20131108 189 202
20131109 186 202
20131110 180 207
20131111 184 211
20131112 178 213
20131113 181 115
20131114 187 119
20131115 185 123
20131116 191 139
20131117 194 147
20131118 196 152
20131119 197 154
20131120 203 153
20131121 203 154
20131122 203 152
20131123 206 148
20131124 211 152
20131125 215 149
20131126 216 150
20131127 222 150
20131128 223 151
20131129 223 153
20131130 219 145
20131131 219 142
20140001 217 146
20140002 211 145
20140003 205 159
20140004 204 156
20140005 200 159
20140006 206 163
20140007 212 165
20140008 214 163
20140009 211 163
20140010 206 156
20140011 205 157
20140012 205 157
20140013 200 154
20140014 202 149
20140015 204 137
20140016 201 131
20140017 205 129
20140018 203 130
20140019 201 129
20140020 205 126
20140021 205 130
20140022 204 130
20140023 198 124
20140024 196 124
20140025 201 123
20140026 199 126
20140027 197 123
20140028 196 122
20140029 194 132
20140030 202 166
20140031 200 164
20140101 202 170
20140102 202 165
20140103 202 180
20140104 196 205
20140105 203 211
20140106 203 247
20140107 209 285
20140108 214 333
20140109 209 356
20140110 213 368
20140111 210 367
20140112 205 373
20140113 211 377
20140114 210 377
20140115 215 374
20140116 208 374
20140117 216 376
20140118 214 378
20140119 219 376
20140120 222 374
20140121 224 373
20140122 220 373
20140123 220 373
20140124 218 376
20140125 222 373
20140126 216 378
20140127 213 377
20140128 216 369
20140201 208 336
20140202 207 333
20140203 208 327
20140204 207 318
20140205 204 305
20140206 204 275
20140207 194 262
20140208 187 229
20140209 180 191
20140210 179 137
20140211 183 115
20140212 184 100
20140213 186 96
20140214 187 91
20140215 176 86
20140216 167 83
20140217 161 87
20140218 163 83
20140219 157 82
20140220 157 79
20140221 148 82
20140222 144 84
20140223 141 85
20140224 144 89
20140225 140 92
20140226 135 91
20140227 136 87
20140228 141 80
20140229 142 78
20140230 136 76
20140231 135 74
20140301 138 78
20140302 141 77
20140303 140 77
20140304 142 73
20140305 140 78
20140306 138 76
20140307 143 75
20140308 143 76
20140309 139 78
20140310 139 80
20140311 135 82
20140312 134 83
20140313 138 83
20140314 139 82
20140315 143 84
20140316 143 85
20140317 145 85
20140318 147 80
20140319 138 79
20140320 137 80
20140321 140 82
20140322 137 82
20140323 142 82
20140324 142 79
20140325 151 74
20140326 146 76
20140327 141 78
20140328 141 83
20140329 144 84
20140330 142 86
20140401 138 83
20140402 135 84
20140403 138 82
20140404 137 86
20140405 140 85
20140406 145 91
20140407 142 88
20140408 144 89
20140409 146 90
20140410 144 88
20140411 146 90
20140412 146 92
20140413 143 93
20140414 144 93
20140415 143 90
20140416 145 85
20140417 144 88
20140418 142 89
20140419 147 90
20140420 147 88
20140421 149 88
20140422 154 91
20140423 154 91
20140424 161 91
20140425 158 94
20140426 156 99
20140427 159 98
20140428 160 98
20140429 165 98
20140430 170 101
20140431 174 100
20140501 171 103
20140502 172 104
20140503 179 101
20140504 178 96
20140505 179 96
20140506 181 98
20140507 182 97
20140508 188 97
20140509 187 95
20140510 187 94
20140511 187 93
20140512 185 93
20140513 187 94
20140514 191 93
20140515 189 93
20140516 185 93
20140517 184 96
20140518 181 99
20140519 185 102
20140520 184 102
20140521 181 101
20140522 174 96
20140523 168 98
20140524 163 99
20140525 166 96
20140526 171 97
20140527 169 93
20140528 160 94
20140529 162 91
20140530 162 93
20140601 168 94
20140602 168 95
20140603 165 99
20140604 164 101
20140605 162 97
20140606 160 100
20140607 158 107
20140608 152 105
20140609 157 107
20140610 159 106
20140611 160 105
20140612 160 106
20140613 158 106
20140614 158 109
20140615 162 110
20140616 169 106
20140617 169 104
20140618 173 100
20140619 167 104
20140620 164 99
20140621 164 95
20140622 167 96
20140623 171 94
20140624 175 91
20140625 176 89
20140626 169 89
20140627 168 93
20140628 177 94
20140629 180 91
20140630 179 88
20140631 175 83
20140701 176 82
20140702 173 79
20140703 173 79
20140704 173 77
20140705 175 74
20140706 179 69
20140707 176 70
20140708 174 73
20140709 172 76
20140710 171 86
20140711 172 83
20140712 175 83
20140713 173 80
20140714 167 78
20140715 159 79
20140716 161 79
20140717 156 80
20140718 158 70
20140719 157 70
20140720 158 70
20140721 160 69
20140722 155 67
20140723 150 68
20140724 148 68
20140725 148 66
20140726 145 63
20140727 142 61
20140728 137 66
20140729 143 68
20140730 142 67
20140731 140 70
20140801 147 71
20140802 146 71
20140803 146 80
20140804 139 80
20140805 137 77
20140806 140 75
20140807 139 72
20140808 134 70
20140809 135 61
20140810 136 62
20140811 132 61
20140812 136 64
20140813 138 65
20140814 142 65
20140815 141 64
20140816 143 62
20140817 142 74
20140818 146 73
20140819 146 74
20140820 140 83
20140821 140 86
20140822 144 87
20140823 141 89
20140824 147 90
20140825 155 90
20140826 152 88
20140827 151 83
20140828 141 82
20140829 141 83
20140830 140 81
20140901 133 85
20140902 143 85
20140903 143 112
20140904 145 116
20140905 147 119
20140906 145 124
20140907 150 126
20140908 151 126
20140909 149 126
20140910 151 125
20140911 154 125
20140912 149 123
20140913 149 127
20140914 153 128
20140915 159 127
20140916 158 130
20140917 160 118
20140918 162 124
20140919 164 125
20140920 164 119
20140921 166 118
20140922 173 117
20140923 179 118
20140924 174 117
20140925 180 118
20140926 183 120
20140927 189 123
20140928 200 124
20140929 205 125
20140930 203 125
20140931 205 124
20141001 194 127
20141002 191 93
20141003 193 91
20141004 189 92
20141005 200 92
20141006 203 91
20141007 205 89
20141008 205 91
20141009 203 97
20141010 203 98
20141011 202 96
20141012 207 96
20141013 205 97
20141014 200 109
20141015 203 113
20141016 205 115
20141017 211 112
20141018 211 114
20141019 219 116
20141020 224 120
20141021 220 123
20141022 216 127
20141023 215 130
20141024 212 132
20141025 211 135
20141026 211 136
20141027 202 134
20141028 201 134
20141029 202 133
20141030 203 131
20141101 201 127
20141102 208 131
20141103 204 128
20141104 207 125
20141105 201 121
20141106 194 123
20141107 192 138
20141108 198 134
20141109 201 131
20141110 208 132
20141111 212 132
20141112 206 133
20141113 205 136
20141114 202 127
20141115 202 123
20141116 201 120
20141117 191 121
20141118 191 117
20141119 184 112
20141120 176 111
20141121 172 109
20141122 175 103
20141123 172 106
20141124 164 106
20141125 161 102
20141126 156 100
20141127 155 103
20141128 153 103
20141129 156 104
20141130 155 106
20141131 155 105
20150001 149 101
20150002 150 103
20150003 149 105
20150004 149 107
20150005 152 106
20150006 152 90
20150007 148 93
20150008 144 91
20150009 140 91
20150010 142 92
20150011 143 87
20150012 141 86
20150013 148 86
20150014 147 89
20150015 147 91
20150016 145 89
20150017 140 90
20150018 139 94
20150019 142 99
20150020 147 98
20150021 147 96
20150022 152 94
20150023 159 91
20150024 159 96
20150025 162 98
20150026 165 98
20150027 168 98
20150028 169 98
20150029 170 93
20150030 175 94
20150031 172 93
20150101 170 90
20150102 167 87
20150103 168 87
20150104 168 88
20150105 166 88
20150106 166 89
20150107 171 91
20150108 168 94
20150109 162 98
20150110 163 99
20150111 163 97
20150112 160 119
20150113 162 115
20150114 164 115
20150115 169 117
20150116 171 130
20150117 174 128
20150118 173 124
20150119 173 123
20150120 170 125
20150121 169 123
20150122 165 125
20150123 166 121
20150124 158 119
20150125 156 118
20150126 153 117
20150127 151 118
20150128 146 117
20150201 143 116
20150202 142 116
20150203 150 116
20150204 151 118
20150205 148 118
20150206 147 114
20150207 150 117
20150208 153 114
20150209 147 112
20150210 148 108
20150211 149 107
20150212 147 108
20150213 146 108
20150214 144 84
20150215 139 86
20150216 138 89
20150217 135 91
20150218 137 83
20150219 134 84
20150220 140 79
20150221 135 81
20150222 138 84
20150223 148 86
20150224 147 83
20150225 150 83
20150226 153 82
20150227 153 79
20150228 149 78
20150229 147 75
20150230 149 80
20150231 150 80
20150301 153 79
20150302 147 79
20150303 148 76
20150304 147 75
20150305 143 76
20150306 142 77
20150307 138 84
20150308 139 88
20150309 139 87
20150310 139 84
20150311 139 82
20150312 141 90
20150313 141 91
20150314 150 91
20150315 149 88
20150316 149 85
20150317 153 85
20150318 154 83
20150319 148 85
20150320 154 84
20150321 156 79
20150322 145 75
20150323 145 80
20150324 144 83
20150325 142 86
20150326 145 95
20150327 148 98
20150328 149 97
20150329 156 93
20150330 160 98
20150401 162 98
20150402 162 100
20150403 165 101
20150404 164 105
20150405 169 107
20150406 170 108
20150407 171 102
20150408 171 97
20150409 169 97
20150410 168 101
20150411 172 106
20150412 174 96
20150413 173 103
20150414 168 101
20150415 167 104
20150416 166 103
20150417 161 99
20150418 163 107
20150419 164 106
20150420 160 107
20150421 156 107
20150422 156 107
20150423 154 101
20150424 153 100
20150425 154 101
20150426 153 97
20150427 155 93
20150428 155 95
20150429 148 95
20150430 143 89
20150431 141 94
20150501 143 96
20150502 141 96
20150503 139 92
20150504 137 90
20150505 142 85
20150506 138 86
20150507 142 88
20150508 143 90
20150509 146 88
20150510 142 83
20150511 137 86
20150512 140 80
20150513 140 80
20150514 141 77
20150515 141 79
20150516 142 82
20150517 143 77
20150518 144 78
20150519 142 77
20150520 144 81
20150521 146 84
20150522 148 88
20150523 150 85
20150524 151 81
20150525 150 79
20150526 145 83
20150527 143 84
20150528 148 87
20150529 151 91
20150530 151 94
20150601 150 92
20150602 152 91
20150603 154 91
20150604 154 107
20150605 146 107
20150606 150 106
20150607 147 104
20150608 147 102
20150609 145 100
20150610 148 100
20150611 150 97
20150612 148 94
20150613 148 94
20150614 146 92
20150615 144 91
20150616 144 89
20150617 139 87
20150618 138 84
20150619 136 82
20150620 130 78
20150621 131 74
20150622 131 71
20150623 125 72
20150624 123 73
20150625 120 71
20150626 118 71
20150627 121 68
20150628 116 66
20150629 113 63
20150630 110 57
20150631 114 56
20150701 112 56
20150702 109 54
20150703 105 36
20150704 107 35
20150705 104 33
20150706 106 33
20150707 109 33
20150708 105 35
20150709 103 36
20150710 104 37
20150711 102 39
20150712 102 42
20150713 106 49
20150714 107 47
20150715 107 45
20150716 110 45
20150717 111 45
20150718 111 49
20150719 114 50
20150720 115 55
20150721 119 59
20150722 125 66
20150723 129 66
20150724 133 66
20150725 136 62
20150726 133 67
20150727 137 67
20150728 135 68
20150729 137 66
20150730 131 67
20150731 132 68
20150801 137 71
20150802 140 75
20150803 137 76
20150804 141 78
20150805 137 80
20150806 130 81
20150807 134 81
20150808 136 84
20150809 139 105
20150810 140 105
20150811 138 102
20150812 134 97
20150813 136 100
20150814 138 103
20150815 139 104
20150816 139 104
20150817 142 101
20150818 140 101
20150819 135 98
20150820 132 96
20150821 128 89
20150822 124 89
20150823 124 92
20150824 127 95
20150825 131 92
20150826 126 91
20150827 128 91
20150828 130 95
20150829 132 94
20150830 129 96
20150901 129 93
20150902 127 92
20150903 129 92
20150904 124 92
20150905 129 92
20150906 139 92
20150907 137 93
20150908 138 89
20150909 135 67
20150910 136 67
20150911 136 70
20150912 136 69
20150913 135 66
20150914 130 63
20150915 130 61
20150916 127 61
20150917 122 62
20150918 125 60
20150919 129 65
20150920 126 64
20150921 127 67
20150922 132 67
20150923 133 64
20150924 131 62
20150925 127 63
20150926 127 64
20150927 127 64
20150928 127 62
20150929 128 61
20150930 129 61
20150931 128 64
20151001 130 62
20151002 129 61
20151003 131 63
20151004 127 61
20151005 119 61
20151006 120 61
20151007 120 65
20151008 121 65
20151009 118 63
20151010 116 59
20151011 116 61
20151012 117 63
20151013 119 63
20151014 118 68
20151015 115 74
20151016 123 74
20151017 125 75
20151018 124 72
20151019 124 71
20151020 125 69
20151021 127 68
20151022 125 75
20151023 128 87
20151024 130 85
20151025 131 86
20151026 130 86
20151027 132 86
20151028 134 90
20151029 136 92
20151030 138 92
20151101 137 91
20151102 137 90
20151103 137 90
20151104 139 91
20151105 139 92
20151106 138 93
20151107 135 90
20151108 135 90
20151109 134 95
20151110 138 96
20151111 136 95
20151112 136 94
20151113 138 96
20151114 139 92
20151115 143 86
20151116 138 89
20151117 135 91
20151118 134 89
20151119 135 90
20151120 131 88
20151121 124 93
20151122 124 88
20151123 120 87
20151124 116 148
20151125 116 234
20151126 119 249
20151127 115 259
20151128 114 272
20151129 112 273
20151130 110 272
20151131 107 278
20160001 105 285
20160002 111 287
20160003 113 288
20160004 114 291
20160005 122 289
20160006 123 291
20160007 118 292
20160008 124 291
20160009 123 297
20160010 124 299
20160011 124 298
20160012 121 299
20160013 122 301
20160014 121 305
20160015 123 301
20160016 122 299
20160017 122 302
20160018 120 304
20160019 126 309
20160020 128 306
20160021 128 306
20160022 129 297
20160023 131 248
20160024 133 161
20160025 129 146
20160026 131 135
20160027 130 118
20160028 128 116
20160029 126 116
20160030 128 113
20160031 135 117
20160101 137 112
20160102 138 133
20160103 139 139
20160104 138 144
20160105 138 147
20160106 138 152
20160107 144 153
20160108 145 152
20160109 147 152
20160110 148 157
20160111 149 156
20160112 149 153
20160113 149 151
20160114 154 156
20160115 164 159
20160116 169 157
20160117 178 155
20160118 179 154
20160119 177 157
20160120 179 156
20160121 179 174
20160122 186 193
20160123 187 204
20160124 194 209
20160125 192 209
20160126 197 222
20160127 201 248
20160128 203 257
20160129 213 259
20160201 214 254
20160202 206 254
20160203 205 257
20160204 204 246
20160205 198 240
20160206 200 234
20160207 203 229
20160208 199 227
20160209 202 226
20160210 206 224
20160211 209 219
20160212 209 218
20160213 205 221
20160214 209 222
20160215 206 219
20160216 198 219
20160217 197 218
20160218 190 226
20160219 186 223
20160220 189 218
20160221 188 219
20160222 191 199
20160223 186 170
20160224 184 166
20160225 178 163
20160226 178 164
20160227 172 151
20160228 171 126
20160229 174 117
20160230 170 114
20160231 170 110
20160301 170 113
20160302 168 88
20160303 171 88
20160304 176 98
20160305 172 103
20160306 171 102
20160307 167 106
20160308 164 100
20160309 163 106
20160310 160 109
20160311 157 109
20160312 158 105
20160313 155 103
20160314 153 105
20160315 151 101
20160316 145 103
20160317 141 95
20160318 141 94
20160319 138 95
20160320 134 95
20160321 135 96
20160322 133 96
20160323 137 91
20160324 144 89
20160325 147 88
20160326 145 106
20160327 144 120
20160328 140 154
20160329 138 185
20160330 133 195
20160401 135 194
20160402 140 197
20160403 138 203
20160404 140 195
20160405 145 193
20160406 149 193
20160407 146 190
20160408 148 193
20160409 148 187
20160410 149 186
20160411 150 185
20160412 151 186
20160413 152 188
20160414 149 184
20160415 148 189
20160416 152 190
20160417 154 189
20160418 162 192
20160419 162 192
20160420 163 193
20160421 161 195
20160422 160 195
20160423 156 197
20160424 153 203
20160425 152 211
20160426 154 201
20160427 156 183
20160428 157 149
20160429 157 118
20160430 161 114
20160431 159 117
20160501 156 117
20160502 157 115
20160503 153 118
20160504 147 122
20160505 145 124
20160506 151 130
20160507 147 137
20160508 150 146
20160509 146 147
20160510 148 150
20160511 146 152
20160512 151 155
20160513 155 163
20160514 154 162
20160515 151 159
20160516 151 159
20160517 146 158
20160518 150 159
20160519 153 155
20160520 151 158
20160521 154 157
20160522 159 155
20160523 156 149
20160524 154 150
20160525 153 152
20160526 148 155
20160527 150 156
20160528 149 155
20160529 145 156
20160530 142 151
20160601 136 149
20160602 133 152
20160603 130 149
20160604 130 143
20160605 128 143
20160606 126 138
20160607 125 138
20160608 124 132
20160609 128 137
20160610 129 140
20160611 134 137
20160612 129 138
20160613 131 134
20160614 137 131
20160615 140 132
20160616 144 134
20160617 142 131
20160618 140 133
20160619 134 139
20160620 141 134
20160621 141 135
20160622 134 133
20160623 133 133
20160624 131 128
20160625 132 120
20160626 135 121
20160627 135 124
20160628 135 125
20160629 137 119
20160630 140 118
20160631 142 118
20160701 145 115
20160702 144 113
20160703 144 118
20160704 146 116
20160705 146 115
20160706 144 107
20160707 141 106
20160708 137 105
20160709 134 98
20160710 130 103
20160711 132 101
20160712 125 97
20160713 119 106
20160714 117 103
20160715 119 104
20160716 118 107
20160717 118 107
20160718 119 104
20160719 111 103
20160720 111 104
20160721 113 106
20160722 114 108
20160723 117 111
20160724 118 110
20160725 116 108
20160726 116 103
20160727 114 103
20160728 112 102
20160729 109 106
20160730 110 104
20160731 106 105
20160801 105 105
20160802 105 100
20160803 102 100
20160804 100 97
20160805 103 96
20160806 104 99
20160807 104 96
20160808 106 97
20160809 103 96
20160810 99 93
20160811 105 96
20160812 111 87
20160813 113 92
20160814 109 95
20160815 106 93
20160816 104 89
20160817 104 87
20160818 105 87
20160819 108 86
20160820 114 84
20160821 124 83
20160822 125 76
20160823 126 75
20160824 127 75
20160825 128 77
20160826 129 75
20160827 129 74
20160828 132 71
20160829 131 75
20160830 132 70
20160901 140 69
20160902 141 71
20160903 144 74
20160904 154 75
20160905 155 76
20160906 150 70
20160907 153 73
20160908 154 76
20160909 160 73
20160910 163 72
20160911 159 71
20160912 159 71
20160913 155 67
20160914 155 65
20160915 159 71
20160916 165 73
20160917 171 74
20160918 177 80
20160919 174 79
20160920 169 82
20160921 169 82
20160922 168 86
20160923 170 88
20160924 173 87
20160925 171 90
20160926 170 91
20160927 169 92
20160928 169 95
20160929 168 91
20160930 172 92
20160931 168 92
20161001 171 89
20161002 171 91
20161003 163 94
20161004 164 96
20161005 165 99
20161006 163 93
20161007 163 90
20161008 162 90
20161009 160 92
20161010 162 91
20161011 158 92
20161012 157 95
20161013 159 91
20161014 155 87
20161015 152 85
20161016 150 90
20161017 141 84
20161018 139 83
20161019 135 84
20161020 126 85
20161021 128 80
20161022 128 78
20161023 129 83
20161024 131 80
20161025 131 79
20161026 132 83
20161027 132 85
20161028 135 89
20161029 138 91
20161030 142 100
20161101 139 102
20161102 142 310
20161103 140 305
20161104 144 303
20161105 147 310
20161106 146 407
20161107 145 408
20161108 142 407
20161109 144 413
20161110 146 414
20161111 156 420
20161112 161 418
20161113 163 418
20161114 163 416
20161115 163 418
20161116 160 412
20161117 163 415
20161118 164 418
20161119 165 414
20161120 164 413
20161121 160 413
20161122 154 416
20161123 148 416
20161124 148 414
20161125 148 417
20161126 150 412
20161127 148 408
20161128 147 406
20161129 141 405
20161130 135 397
20161131 134 396
20170001 129 183
20170002 137 185
20170003 132 187
20170004 133 179
20170005 134 87
20170006 135 87
20170007 137 92
20170008 136 84
20170009 133 83
20170010 122 79
20170011 120 79
20170012 115 80
20170013 121 85
20170014 119 83
20170015 118 84
20170016 118 83
20170017 121 82
20170018 124 83
20170019 125 80
20170020 125 81
20170021 127 78
20170022 125 72
20170023 119 83
20170024 121 104
20170025 126 139
20170026 131 143
20170027 131 143
20170028 131 146
20170029 132 147
20170030 137 150
20170031 141 151
20170101 136 152
20170102 136 154
20170103 132 152
20170104 130 147
20170105 131 147
20170106 128 146
20170107 131 148
20170108 130 153
20170109 140 153
20170110 143 156
20170111 143 154
20170112 138 148
20170113 141 149
20170114 149 152
20170115 150 152
20170116 152 160
20170117 154 168
20170118 153 172
20170119 156 176
20170120 157 184
20170121 163 185
20170122 166 176
20170123 167 160
20170124 167 131
20170125 163 132
20170126 162 134
20170127 162 135
20170128 163 141
20170201 161 142
20170202 157 142
20170203 162 142
20170204 161 138
20170205 164 143
20170206 165 144
20170207 164 148
20170208 166 146
20170209 161 150
20170210 163 146
20170211 156 144
20170212 155 145
20170213 159 148
20170214 159 148
20170215 159 147
20170216 155 144
20170217 150 142
20170218 145 132
20170219 141 121
20170220 146 118
20170221 142 113
20170222 138 107
20170223 134 113
20170224 137 123
20170225 133 118
20170226 123 112
20170227 124 105
20170228 123 103
20170229 126 105
20170230 124 97
20170231 123 101
20170301 125 102
20170302 117 102
20170303 115 102
20170304 114 97
20170305 112 97
20170306 110 91
20170307 108 95
20170308 111 89
20170309 114 89
20170310 111 91
20170311 109 88
20170312 107 86
20170313 108 92
20170314 104 94
20170315 106 94
20170316 112 95
20170317 110 96
20170318 109 97
20170319 103 100
20170320 104 103
20170321 108 107
20170322 114 101
20170323 113 89
20170324 119 92
20170325 125 94
20170326 124 96
20170327 126 96
20170328 121 88
20170329 121 89
20170330 117 84
20170401 116 83
20170402 116 83
20170403 116 87
20170404 115 91
20170405 115 92
20170406 113 95
20170407 114 91
20170408 115 93
20170409 110 91
20170410 111 91
20170411 109 89
20170412 108 89
20170413 112 85
20170414 118 85
20170415 114 84
20170416 114 86
20170417 117 85
20170418 122 89
20170419 127 95
20170420 127 97
20170421 126 91
20170422 124 93
20170423 124 94
20170424 119 90
20170425 114 87
20170426 117 91
20170427 117 91
20170428 122 95
20170429 123 96
20170430 127 97
20170431 128 99
20170501 130 103
20170502 134 99
20170503 133 100
20170504 138 103
20170505 146 100
20170506 145 101
20170507 145 98
20170508 144 101
20170509 143 98
20170510 143 100
20170511 142 102
20170512 142 106
20170513 136 107
20170514 139 108
20170515 135 108
20170516 135 109
20170517 134 105
20170518 129 97
20170519 128 97
20170520 124 101
20170521 122 100
20170522 118 99
20170523 118 97
20170524 119 100
20170525 117 95
20170526 117 95
20170527 115 93
20170528 115 92
20170529 118 87
20170530 115 86
20170601 112 85
20170602 106 90
20170603 108 86
20170604 105 84
20170605 103 86
20170606 106 88
20170607 103 90
20170608 110 89
20170609 110 89
20170610 114 87
20170611 115 86
20170612 115 84
20170613 114 86
20170614 110 87
20170615 116 89
20170616 112 92
20170617 110 95
20170618 114 96
20170619 118 93
20170620 122 99
20170621 118 100
20170622 119 100
20170623 120 106
20170624 122 107
20170625 127 108
20170626 128 107
20170627 128 109
20170628 125 108
20170629 119 110
20170630 122 107
20170631 121 107
20170701 128 100
20170702 127 100
20170703 130 105
20170704 133 109
20170705 138 106
20170706 143 109
20170707 143 108
20170708 144 108
20170709 140 109
20170710 139 109
20170711 137 110
20170712 139 108
20170713 143 108
20170714 136 109
20170715 143 109
20170716 144 111
20170717 142 111
20170718 139 111
20170719 137 102
20170720 141 106
20170721 142 109
20170722 146 105
20170723 149 103
20170724 145 107
20170725 143 110
20170726 144 111
20170727 146 111
20170728 151 113
20170729 150 119
20170730 152 117
20170731 150 119
20170801 149 123
20170802 146 114
20170803 140 109
20170804 139 111
20170805 133 106
20170806 126 111
20170807 126 111
20170808 128 111
20170809 129 109
20170810 129 107
20170811 132 108
20170812 132 111
20170813 137 105
20170814 134 103
20170815 130 101
20170816 128 99
20170817 131 105
20170818 141 106
20170819 143 105
20170820 146 106
20170821 146 106
20170822 142 108
20170823 143 104
20170824 144 112
20170825 145 113
20170826 145 114
20170827 150 111
20170828 150 112
20170829 155 116
20170830 152 120
20170901 151 118
20170902 152 118
20170903 152 120
20170904 150 118
20170905 149 121
20170906 150 120
20170907 150 129
20170908 149 135
20170909 149 139
20170910 149 140
20170911 148 137
20170912 150 134
20170913 152 136
20170914 155 139
20170915 160 143
20170916 168 150
20170917 171 145
20170918 165 145
20170919 166 150
20170920 167 149
20170921 166 150
20170922 168 149
20170923 168 150
20170924 170 140
20170925 170 136
20170926 174 142
20170927 169 141
20170928 171 136
20170929 170 138
20170930 175 135
20170931 176 137
20171001 181 142
20171002 180 146
20171003 179 148
20171004 180 153
20171005 182 154
20171006 192 147
20171007 197 140
20171008 200 145
20171009 202 143
20171010 199 147
20171011 195 146
20171012 191 148
20171013 188 145
20171014 183 140
20171015 177 133
20171016 177 136
20171017 177 136
20171018 175 124
20171019 172 126
20171020 168 131
20171021 168 130
20171022 167 132
20171023 165 132
20171024 163 131
20171025 158 130
20171026 157 131
20171027 155 142
20171028 151 133
20171029 147 138
20171030 146 135
20171101 141 135
20171102 141 138
20171103 138 140
20171104 142 132
20171105 144 132
20171106 134 136
20171107 134 138
20171108 130 134
20171109 128 137
20171110 129 137
20171111 132 138
20171112 133 136
20171113 134 141
20171114 137 141
20171115 137 148
20171116 135 143
20171117 132 143
20171118 130 147
20171119 128 145
20171120 129 142
20171121 131 145
20171122 129 143
20171123 128 140
20171124 130 143
20171125 130 137
20171126 128 138
20171127 130 128
20171128 131 130
20171129 131 122
20171130 132 121
20171131 133 118
20180001 135 113
20180002 136 110
20180003 136 112
20180004 135 110
20180005 135 109
20180006 133 112
20180007 131 109
20180008 132 106
20180009 138 103
20180010 141 104
20180011 142 102
20180012 140 94
20180013 136 92
20180014 135 88
20180015 133 89
20180016 133 86
20180017 132 85
20180018 134 85
20180019 134 84
20180020 130 79
20180021 131 76
20180022 141 77
20180023 139 75
20180024 141 76
20180025 143 80
20180026 142 80
20180027 139 82
20180028 137 84
20180029 139 92
20180030 139 90
20180031 140 88
20180101 141 90
20180102 137 95
20180103 132 95
20180104 135 90
20180105 130 86
20180106 134 88
20180107 130 89
20180108 125 93
20180109 116 96
20180110 112 97
20180111 111 110
20180112 114 110
20180113 115 110
20180114 116 109
20180115 118 113
20180116 122 116
20180117 121 113
20180118 125 111
20180119 130 113
20180120 138 116
20180121 129 116
20180122 127 117
20180123 125 115
20180124 122 108
20180125 117 107
20180126 121 106
20180127 129 106
20180128 127 100
20180201 128 106
20180202 126 105
20180203 125 104
20180204 127 100
20180205 128 97
20180206 129 100
20180207 132 100
20180208 130 96
20180209 131 101
20180210 129 96
20180211 129 90
20180212 131 92
20180213 134 80
20180214 135 81
20180215 132 79
20180216 128 80
20180217 123 78
20180218 118 79
20180219 119 81
20180220 117 86
20180221 111 84
20180222 106 83
20180223 104 84
20180224 103 84
20180225 104 87
20180226 107 88
20180227 113 86
20180228 109 83
20180229 104 86
20180230 104 85
20180231 99 80
20180301 95 81
20180302 97 79
20180303 102 81
20180304 105 79
20180305 100 77
20180306 99 76
20180307 97 77
20180308 100 70
20180309 102 69
20180310 104 81
20180311 104 131
20180312 104 152
20180313 104 160
20180314 105 186
20180315 105 190
20180316 109 204
20180317 117 202
20180318 120 202
20180319 116 198
20180320 115 199
20180321 110 201
20180322 112 201
20180323 115 200
20180324 114 199
20180325 110 200
20180326 111 203
20180327 114 202
20180328 113 197
20180329 114 195
20180330 118 194
20180401 121 193
20180402 121 194
20180403 119 194
20180404 115 195
20180405 115 196
20180406 114 195
20180407 115 195
20180408 113 197
20180409 110 200
20180410 120 187
20180411 117 134
20180412 112 113
20180413 110 107
20180414 113 82
20180415 115 78
20180416 115 65
20180417 107 63
20180418 105 65
20180419 108 64
20180420 111 65
20180421 112 66
20180422 118 71
20180423 119 75
20180424 124 75
20180425 127 73
20180426 122 73
20180427 120 74
20180428 125 78
20180429 128 78
20180430 133 80
20180431 133 86
20180501 131 83
20180502 128 93
20180503 133 96
20180504 139 106
20180505 142 111
20180506 146 113
20180507 147 116
20180508 154 112
20180509 142 113
20180510 142 114
20180511 144 116
20180512 147 117
20180513 147 120
20180514 147 123
20180515 148 120
20180516 156 129
20180517 151 127
20180518 152 127
20180519 151 128
20180520 154 128
20180521 151 125
20180522 148 122
20180523 146 122
20180524 143 126
20180525 144 125
20180526 147 126
20180527 142 123
20180528 137 125
20180529 133 128
20180530 134 120
20180601 132 121
20180602 137 106
20180603 132 104
20180604 127 91
20180605 125 91
20180606 121 93
20180607 122 89
20180608 117 96
20180609 119 101
20180610 119 100
20180611 118 100
20180612 113 96
20180613 115 92
20180614 112 88
20180615 108 92
20180616 104 85
20180617 106 82
20180618 105 81
20180619 107 80
20180620 105 80
20180621 102 79
20180622 100 77
20180623 97 77
20180624 98 75
20180625 97 73
20180626 99 74
20180627 99 77
20180628 98 79
20180629 93 76
20180630 96 79
20180631 101 81
20180701 93 85
20180702 95 89
20180703 99 90
20180704 97 85
20180705 96 81
20180706 93 87
20180707 94 83
20180708 95 81
20180709 97 84
20180710 98 88
20180711 100 93
20180712 94 92
20180713 95 94
20180714 98 90
20180715 98 87
20180716 99 88
20180717 96 88
20180718 94 87
20180719 92 82
20180720 92 83
20180721 92 83
20180722 95 83
20180723 99 86
20180724 99 88
20180725 93 87
20180726 93 91
20180727 94 94
20180728 97 94
20180729 91 97
20180730 88 94
20180731 89 91
20180801 88 90
20180802 85 89
20180803 87 97
20180804 89 96
20180805 90 90
20180806 89 89
20180807 88 86
20180808 85 85
20180809 85 86
20180810 86 81
20180811 87 81
20180812 94 80
20180813 94 81
20180814 91 82
20180815 89 85
20180816 92 85
20180817 93 87
20180818 95 95
20180819 92 91
20180820 93 95
20180821 96 93
20180822 93 88
20180823 92 87
20180824 97 85
20180825 97 79
20180826 96 73
20180827 98 75
20180828 98 70
20180829 97 73
20180830 100 73
20180901 104 70
20180902 103 72
20180903 105 66
20180904 103 66
20180905 103 64
20180906 102 64
20180907 108 68
20180908 116 69
20180909 114 64
20180910 115 63
20180911 119 66
20180912 113 65
20180913 112 66
20180914 112 67
20180915 115 67
20180916 114 67
20180917 115 69
20180918 116 63
20180919 118 64
20180920 118 59
20180921 112 61
20180922 114 62
20180923 116 61
20180924 114 64
20180925 118 67
20180926 124 68
20180927 123 64
20180928 127 63
20180929 129 61
20180930 129 61
20180931 124 63
20181001 127 68
20181002 127 67
20181003 127 68
20181004 129 69
20181005 134 67
20181006 127 66
20181007 121 66
20181008 125 65
20181009 121 68
20181010 119 66
20181011 120 66
20181012 118 66
20181013 121 66
20181014 122 62
20181015 123 61
20181016 118 57
20181017 116 57
20181018 116 59
20181019 118 66
20181020 121 67
20181021 120 74
20181022 118 79
20181023 116 79
20181024 113 75
20181025 110 74
20181026 109 78
20181027 110 81
20181028 108 84
20181029 107 85
20181030 107 83
20181101 106 76
20181102 106 77
20181103 108 76
20181104 104 76
20181105 100 78
20181106 103 80
20181107 107 77
20181108 104 78
20181109 110 81
20181110 108 81
20181111 107 81
20181112 107 83
20181113 108 81
20181114 114 83
20181115 110 84
20181116 113 85
20181117 113 87
20181118 115 91
20181119 115 89
20181120 111 89
20181121 114 84
20181122 113 81
20181123 118 78
20181124 115 80
20181125 115 79
20181126 114 77
20181127 110 75
20181128 108 74
20181129 105 74
20181130 108 74
20181131 105 75
20190001 104 75
20190002 102 79
20190003 102 85
20190004 103 85
20190005 102 81
20190006 100 83
20190007 100 152
20190008 96 153
20190009 98 153
20190010 100 155
20190011 102 153
20190012 99 152
20190013 89 150
20190014 96 152
20190015 97 154
20190016 108 155
20190017 105 150
20190018 104 146
20190019 106 143
20190020 102 143
20190021 104 142
20190022 99 145
20190023 102 146
20190024 100 148
20190025 100 145
20190026 99 145
20190027 105 145
20190028 106 146
20190029 109 145
20190030 109 147
20190031 107 148
20190101 111 144
20190102 116 141
20190103 116 141
20190104 121 140
20190105 124 140
20190106 127 74
20190107 128 70
20190108 128 68
20190109 128 67
20190110 131 67
20190111 130 67
20190112 134 69
20190113 128 68
20190114 131 67
20190115 120 64
20190116 122 63
20190117 123 65
20190118 127 68
20190119 131 67
20190120 134 67
20190121 135 67
20190122 137 64
20190123 137 64
20190124 137 65
20190125 140 65
20190126 143 64
20190127 144 65
20190128 140 67
20190201 139 69
20190202 140 67
20190203 138 68
20190204 134 65
20190205 137 64
20190206 131 68
20190207 126 67
20190208 125 66
20190209 125 64
20190210 125 66
20190211 124 64
20190212 121 63
20190213 123 63
20190214 121 63
20190215 124 62
20190216 118 62
20190217 117 60
20190218 119 63
20190219 119 63
20190220 112 64
20190221 109 66
20190222 110 66
20190223 110 66
20190224 111 71
20190225 115 69
20190226 117 69
20190227 120 72
20190228 111 76
20190229 108 73
20190230 109 73
20190231 112 80
20190301 115 82
20190302 115 86
20190303 119 89
20190304 121 94
20190305 127 97
20190306 128 97
20190307 129 92
20190308 127 101
20190309 129 103
20190310 128 108
20190311 133 110
20190312 134 112
20190313 135 114
20190314 138 119
20190315 141 120
20190316 140 126
20190317 135 125
20190318 132 129
20190319 140 135
20190320 140 134
20190321 145 139
20190322 147 136
20190323 149 132
20190324 152 134
20190325 150 134
20190326 147 132
20190327 156 129
20190328 161 130
20190329 163 130
20190330 168 120
20190401 165 119
20190402 164 121
20190403 160 120
20190404 155 119
20190405 153 114
20190406 156 118
20190407 153 122
20190408 154 118
20190409 154 114
20190410 156 113
20190411 150 117
20190412 149 139
20190413 148 144
20190414 146 141
20190415 144 145
20190416 146 142
20190417 152 140
20190418 153 136
20190419 151 134
20190420 150 135
20190421 142 130
20190422 139 132
20190423 135 130
20190424 129 129
20190425 130 129
20190426 130 130
20190427 124 131
20190428 125 131
20190429 122 131
20190430 118 132
20190431 127 142
20190501 125 137
20190502 126 139
20190503 127 138
20190504 125 142
20190505 123 138
20190506 125 140
20190507 126 139
20190508 123 152
20190509 124 149
20190510 128 143
20190511 132 127
20190512 132 123
20190513 133 125
20190514 136 123
20190515 141 122
20190516 141 124
20190517 144 129
20190518 142 124
20190519 146 123
20190520 151 128
20190521 153 140
20190522 152 161
20190523 153 178
20190524 163 215
20190525 164 234
20190526 166 270
20190527 164 277
20190528 170 280
20190529 173 284
20190530 166 272
20190601 173 275
20190602 174 272
20190603 175 273
20190604 177 278
20190605 177 289
20190606 182 287
20190607 182 296
20190608 185 313
20190609 185 323
20190610 188 335
20190611 192 348
20190612 194 363
20190613 189 381
20190614 193 396
20190615 191 400
20190616 191 402
20190617 191 402
20190618 193 406
20190619 191 406
20190620 189 411
20190621 185 402
20190622 187 386
20190623 186 368
20190624 176 347
20190625 172 342
20190626 167 325
20190627 164 334
20190628 161 344
20190629 158 341
20190630 162 345
20190631 159 367
20190701 160 389
20190702 155 413
20190703 152 408
20190704 153 399
20190705 149 401
20190706 148 393
20190707 145 368
20190708 146 361
20190709 140 350
20190710 130 334
20190711 127 316
20190712 127 297
20190713 121 301
20190714 119 313
20190715 116 318
20190716 119 334
20190717 114 340
20190718 111 342
20190719 108 346
20190720 115 358
20190721 115 379
20190722 119 385
20190723 125 375
20190724 128 363
20190725 135 348
20190726 137 336
20190727 134 327
20190728 134 329
20190729 130 327
20190730 133 301
20190731 132 281
20190801 134 255
20190802 133 249
20190803 129 249
20190804 124 248
20190805 123 246
20190806 126 244
20190807 124 245
20190808 122 246
20190809 124 241
20190810 124 241
20190811 124 243
20190812 125 229
20190813 123 218
20190814 119 224
20190815 113 210
20190816 120 201
20190817 121 200
20190818 122 187
20190819 121 187
20190820 117 165
20190821 115 171
20190822 109 203
20190823 107 210
20190824 105 220
20190825 102 247
20190826 109 256
20190827 104 292
20190828 105 359
20190829 103 379
20190830 102 406
20190901 103 419
20190902 108 434
20190903 109 436
20190904 116 437
20190905 118 448
20190906 117 458
20190907 119 483
20190908 126 498
20190909 127 513
20190910 127 525
20190911 129 551
20190912 125 594
20190913 126 612
20190914 131 599
20190915 136 596
20190916 134 596
20190917 141 602
20190918 149 607
20190919 147 603
20190920 152 605
20190921 154 603
20190922 154 569
20190923 163 563
20190924 164 552
20190925 168 522
20190926 160 509
20190927 166 484
20190928 167 422
20190929 167 432
20190930 166 418
20190931 169 430
20191001 169 423
20191002 175 425
20191003 173 424
20191004 172 415
20191005 173 411
20191006 174 391
20191007 169 382
20191008 170 372
20191009 176 366
20191010 174 339
20191011 176 287
20191012 181 280
20191013 183 284
20191014 181 284
20191015 180 294
20191016 174 294
20191017 165 291
20191018 164 281
20191019 162 281
20191020 164 279
20191021 169 278
20191022 161 281
20191023 162 274
20191024 158 276
20191025 165 282
20191026 168 270
20191027 166 266
20191028 166 243
20191029 169 230
20191030 162 205
20191101 157 196
20191102 155 189
20191103 155 196
20191104 157 193
20191105 154 184
20191106 151 180
20191107 150 173
20191108 151 168
20191109 146 166
20191110 146 162
20191111 147 162
20191112 145 150
20191113 144 144
20191114 143 151
20191115 141 142
20191116 142 133
20191117 145 130
20191118 146 128
20191119 143 122
20191120 139 117
20191121 134 115
20191122 135 107
20191123 135 112
20191124 142 112
20191125 134 105
20191126 130 103
20191127 127 102
20191128 129 97
20191129 128 103
20191130 137 100
20191131 136 104
20200001 133 105
20200002 135 94
20200003 133 95
20200004 136 95
20200005 138 95
20200006 142 99
20200007 139 101
20200008 141 97
20200009 144 102
20200010 146 101
20200011 142 96
20200012 140 97
20200013 142 98
20200014 145 102
20200015 145 118
20200016 141 124
20200017 138 131
20200018 144 133
20200019 144 136
20200020 143 140
20200021 142 155
20200022 143 156
20200023 143 153
20200024 145 155
20200025 147 154
20200026 150 154
20200027 145 151
20200028 143 143
20200029 141 146
20200030 144 148
20200031 145 146
20200101 141 146
20200102 142 145
20200103 137 145
20200104 135 142
20200105 132 138
20200106 132 137
20200107 132 136
20200108 130 133
20200109 129 137
20200110 135 139
20200111 136 139
20200112 132 126
20200113 128 119
20200114 129 102
20200115 130 98
20200116 132 91
20200117 127 92
20200118 130 88
20200119 129 90
20200120 132 77
20200121 131 72
20200122 125 72
20200123 123 70
20200124 117 70
20200125 122 73
20200126 123 75
20200127 122 82
20200128 120 83
20200129 116 81
20200201 116 82
20200202 115 87
20200203 119 85
20200204 128 91
20200205 129 88
20200206 132 89
20200207 136 91
20200208 134 92
20200209 137 90
20200210 136 86
20200211 129 87
20200212 127 92
20200213 131 94
20200214 131 94
20200215 127 95
20200216 128 94
20200217 132 96
20200218 135 94
20200219 131 93
20200220 135 85
20200221 130 86
20200222 126 88
20200223 128 88
20200224 130 88
20200225 137 87
20200226 131 83
20200227 131 82
20200228 132 77
20200229 129 73
20200230 134 72
20200231 138 72
20200301 138 71
20200302 131 76
20200303 128 72
20200304 129 72
20200305 124 72
20200306 118 70
20200307 116 69
20200308 115 70
20200309 118 71
20200310 120 68
20200311 120 70
20200312 120 75
20200313 125 77
20200314 129 82
20200315 130 93
20200316 132 93
20200317 131 96
20200318 135 95
20200319 132 95
20200320 138 92
20200321 137 90
20200322 144 90
20200323 147 95
20200324 150 97
20200325 155 100
20200326 160 104
20200327 166 102
20200328 174 103
20200329 175 105
20200330 173 110
20200401 182 110
20200402 186 113
20200403 185 114
20200404 186 118
20200405 192 120
20200406 198 122
20200407 202 124
20200408 198 124
20200409 197 125
20200410 195 126
20200411 196 120
20200412 196 116
20200413 197 116
20200414 196 112
20200415 194 100
20200416 194 101
20200417 201 101
20200418 199 104
20200419 204 109
20200420 204 112
20200421 210 119
20200422 204 125
20200423 205 126
20200424 199 126
20200425 198 124
20200426 197 123
20200427 189 124
20200428 185 124
20200429 182 121
20200430 180 116
20200431 174 114
20200501 174 109
20200502 171 108
20200503 171 107
20200504 168 106
20200505 165 103
20200506 165 108
20200507 170 106
20200508 169 107
20200509 169 106
20200510 171 104
20200511 171 101
20200512 165 98
20200513 165 98
20200514 173 98
20200515 169 96
20200516 163 92
20200517 161 94
20200518 156 96
20200519 154 93
20200520 153 89
20200521 156 84
20200522 152 79
20200523 151 78
20200524 147 78
20200525 144 77
20200526 146 76
20200527 143 77
20200528 145 77
20200529 147 79
20200530 147 80
20200601 147 77
20200602 145 76
20200603 139 77
20200604 142 74
20200605 139 74
20200606 140 67
20200607 140 68
20200608 142 64
20200609 142 63
20200610 145 65
20200611 145 66
20200612 147 65
20200613 142 64
20200614 136 65
20200615 136 66
20200616 138 75
20200617 136 80
20200618 135 85
20200619 139 89
20200620 134 89
20200621 129 91
20200622 126 92
20200623 131 97
20200624 132 99
20200625 139 98
20200626 138 102
20200627 137 107
20200628 137 107
20200629 137 107
20200630 136 106
20200631 133 110
20200701 142 120
20200702 153 128
20200703 151 153
20200704 155 172
20200705 150 187
20200706 145 190
20200707 143 209
20200708 149 223
20200709 144 254
20200710 142 292
20200711 141 347
20200712 152 363
20200713 158 379
20200714 159 384
20200715 155 388
20200716 157 393
20200717 162 407
20200718 162 419
20200719 163 442
20200720 167 463
20200721 172 474
20200722 166 478
20200723 172 502
20200724 168 539
20200725 174 558
20200726 177 559
20200727 175 563
20200728 175 563
20200729 175 567
20200730 178 568
20200731 178 567
20200801 170 563
20200802 172 550
20200803 169 538
20200804 176 533
20200805 186 536
20200806 186 531
20200807 185 524
20200808 189 502
20200809 190 471
20200810 196 421
20200811 190 411
20200812 185 410
20200813 192 416
20200814 196 418
20200815 198 403
20200816 196 389
20200817 197 383
20200818 199 391
20200819 201 374
20200820 201 371
20200821 203 370
20200822 200 344
20200823 195 311
20200824 195 296
20200825 197 294
20200826 200 299
20200827 199 302
20200828 201 303
20200829 204 311
20200830 202 346
20200901 203 342
20200902 202 333
20200903 203 329
20200904 198 321
20200905 190 334
20200906 194 326
20200907 193 326
20200908 191 320
20200909 195 326
20200910 194 324
20200911 195 330
20200912 204 326
20200913 197 320
20200914 194 323
20200915 198 337
20200916 201 339
20200917 193 333
20200918 193 305
20200919 194 301
20200920 196 294
20200921 200 302
20200922 209 303
20200923 217 304
20200924 214 305
20200925 218 325
20200926 222 332
20200927 223 331
20200928 223 328
20200929 229 320
20200930 232 285
20200931 237 294
20201001 235 302
20201002 235 309
20201003 240 311
20201004 243 299
20201005 243 300
20201006 244 294
20201007 244 292
20201008 241 287
20201009 243 299
20201010 242 289
20201011 237 284
20201012 237 277
20201013 242 268
20201014 244 257
20201015 241 258
20201016 252 255
20201017 253 265
20201018 247 263
20201019 245 261
20201020 242 244
20201021 226 243
20201022 222 259
20201023 223 262
20201024 223 241
20201025 216 233
20201026 214 234
20201027 212 239
20201028 205 238
20201029 200 241
20201030 195 234
20201101 198 234
20201102 199 243
20201103 192 240
20201104 194 236
20201105 189 252
20201106 192 267
20201107 191 284
20201108 194 292
20201109 191 282
20201110 194 290
20201111 192 296
20201112 190 302
20201113 183 305
20201114 176 305
20201115 180 298
20201116 172 297
20201117 169 281
20201118 166 284
20201119 165 288
20201120 169 293
20201121 172 296
20201122 170 275
20201123 172 267
20201124 162 264
20201125 167 260
20201126 164 261
20201127 165 255
20201128 161 258
20201129 165 251
20201130 166 249
20201131 166 243
20210001 163 230
20210002 169 234
20210003 172 234
20210004 177 213
20210005 172 202
20210006 173 185
20210007 168 169
20210008 163 167
20210009 162 168
20210010 164 167
20210011 169 171
20210012 178 160
20210013 179 158
20210014 177 151
20210015 177 153
20210016 182 152
20210017 189 165
20210018 193 192
20210019 184 205
20210020 183 214
20210021 184 226
20210022 184 224
20210023 188 225
20210024 185 223
20210025 190 227
20210026 190 245
20210027 191 253
20210028 187 263
20210029 188 265
20210030 183 268
20210031 189 268
20210101 189 271
20210102 180 280
20210103 175 289
20210104 181 300
20210105 186 301
20210106 188 313
20210107 193 317
20210108 189 312
20210109 185 303
20210110 181 294
20210111 173 297
20210112 174 300
20210113 174 303
20210114 176 301
20210115 177 312
20210116 179 298
20210117 177 268
20210118 183 252
20210119 185 240
20210120 184 227
20210121 181 240
20210122 184 240
20210123 182 249
20210124 188 245
20210125 191 231
20210126 194 219
20210127 196 210
20210128 193 224
20210201 200 218
20210202 196 218
20210203 199 216
20210204 211 208
20210205 211 205
20210206 210 190
20210207 208 191
20210208 205 179
20210209 201 178
20210210 217 183
20210211 220 188
20210212 225 194
20210213 230 192
20210214 231 189
20210215 233 190
20210216 232 206
20210217 228 198
20210218 226 199
20210219 226 196
20210220 226 196
20210221 228 196
20210222 233 199
20210223 233 184
20210224 231 187
20210225 235 179
20210226 234 174
20210227 229 174
20210228 228 174
20210229 226 169
20210230 228 149
20210231 227 146
20210301 228 139
20210302 221 139
20210303 210 140
20210304 211 136
20210305 207 139
20210306 202 136
20210307 202 135
20210308 201 135
20210309 189 125
20210310 186 121
20210311 181 119
20210312 173 119
20210313 171 123
20210314 168 119
20210315 174 105
20210316 173 105
20210317 173 104
20210318 182 111
20210319 180 118
20210320 176 123
20210321 170 121
20210322 169 123
20210323 170 120
20210324 166 118
20210325 160 122
20210326 170 118
20210327 173 118
20210328 170 122
20210329 170 127
20210330 168 137
20210401 172 147
20210402 175 149
20210403 182 148
20210404 184 158
20210405 182 160
20210406 186 159
20210407 189 168
20210408 190 168
20210409 193 174
20210410 190 182
20210411 196 188
20210412 200 196
20210413 200 193
20210414 202 195
20210415 197 201
20210416 198 201
20210417 194 208
20210418 187 205
20210419 186 199
20210420 191 194
20210421 192 193
20210422 198 192
20210423 198 195
20210424 198 206
20210425 199 212
20210426 197 224
20210427 191 233
20210428 196 249
20210429 193 262
20210430 196 265
20210431 190 268
20210501 192 272
20210502 185 278
20210503 183 268
20210504 185 274
20210505 180 275
20210506 179 267
20210507 179 266
20210508 173 260
20210509 171 247
20210510 163 242
20210511 158 242
20210512 153 245
20210513 156 255
20210514 153 257
20210515 153 257
20210516 157 246
20210517 156 242
20210518 155 245
20210519 152 243
20210520 155 249
20210521 147 263
20210522 144 261
20210523 149 259
20210524 148 257
20210525 138 249
20210526 136 239
20210527 130 218
20210528 132 200
20210529 133 200
20210530 135 205
20210601 129 196
20210602 130 188
20210603 129 187
20210604 129 182
20210605 130 196
20210606 131 203
20210607 128 208
20210608 126 207
20210609 131 210
20210610 131 204
20210611 134 196
20210612 136 207
20210613 127 220
20210614 128 221
20210615 129 227
20210616 126 238
20210617 123 254
20210618 123 262
20210619 131 280
20210620 129 282
20210621 134 274
20210622 137 283
20210623 135 275
20210624 135 266
20210625 140 261
20210626 142 262
20210627 144 267
20210628 143 272
20210629 139 268
20210630 139 264
20210631 140 261
20210701 143 261
20210702 145 268
20210703 147 266
20210704 153 261
20210705 155 255
20210706 158 247
20210707 164 247
20210708 160 251
20210709 164 260
20210710 167 272
20210711 177 273
20210712 176 262
20210713 177 260
20210714 174 264
20210715 173 263
20210716 172 247
20210717 171 237
20210718 163 229
20210719 163 231
20210720 159 233
20210721 162 232
20210722 158 237
20210723 154 242
20210724 161 255
20210725 164 265
20210726 165 268
20210727 169 265
20210728 168 274
20210729 173 272
20210730 178 279
20210731 178 285
20210801 181 286
20210802 182 295
20210803 174 291
20210804 171 299
20210805 181 302
20210806 185 322
20210807 196 317
20210808 194 318
20210809 191 307
20210810 190 296
20210811 193 294
20210812 196 289
20210813 199 280
20210814 200 270
20210815 202 280
20210816 204 288
20210817 210 283
20210818 211 288
20210819 218 288
20210820 215 291
20210821 219 292
20210822 225 297
20210823 225 295
20210824 227 301
20210825 227 299
20210826 227 309
20210827 234 297
20210828 229 293
20210829 231 291
20210830 230 288
20210901 237 287
20210902 240 280
20210903 246 282
20210904 250 280
20210905 246 278
20210906 240 263
20210907 234 265
20210908 235 258
20210909 237 264
20210910 229 273
20210911 232 269
20210912 228 270
20210913 228 272
20210914 232 276
20210915 232 267
20210916 235 263
20210917 229 267
20210918 234 261
20210919 230 257
20210920 229 250
20210921 229 255
20210922 233 252
20210923 229 252
20210924 231 239
20210925 235 234
20210926 236 229
20210927 230 228
20210928 229 228
20210929 229 229
20210930 229 231
20210931 222 223
20211001 217 218
20211002 215 215
20211003 216 225
20211004 211 231
20211005 212 243
20211006 214 254
20211007 220 265
20211008 225 262
20211009 237 256
20211010 239 257
20211011 248 254
20211012 247 265
20211013 245 274
20211014 256 277
20211015 258 273
20211016 262 271
20211017 257 271
20211018 258 270
20211019 262 266
20211020 261 261
20211021 257 258
20211022 251 249
20211023 249 249
20211024 242 249
20211025 242 244
20211026 243 241
20211027 245 234
20211028 242 247
20211029 244 253
20211030 247 271
20211101 248 275
20211102 249 285
20211103 243 288
20211104 248 294
20211105 258 285
20211106 258 278
20211107 256 266
20211108 253 265
20211109 246 256
20211110 241 249
20211111 235 250
20211112 240 236
20211113 236 224
20211114 227 224
20211115 227 221
20211116 226 215
20211117 225 213
20211118 224 216
20211119 219 223
20211120 221 219
20211121 219 223
20211122 223 227
20211123 219 224
20211124 223 225
20211125 218 227
20211126 214 230
20211127 217 237
20211128 215 228
20211129 219 215
20211130 218 197
20211131 216 196
20220001 215 182
20220002 221 162
20220003 220 152
20220004 212 145
20220005 209 138
20220006 205 137
20220007 205 133
20220008 197 137
20220009 196 135
20220010 194 136
20220011 193 146
20220012 202 159
20220013 201 168
20220014 203 178
20220015 200 181
20220016 202 175
20220017 202 168
20220018 201 163
20220019 204 174
20220020 207 176
20220021 206 178
20220022 211 198
20220023 214 212
20220024 219 217
20220025 226 223
20220026 226 230
20220027 225 229
20220028 220 242
20220029 215 249
20220030 215 260
20220031 219 260
20220101 215 270
20220102 215 278
20220103 215 285
20220104 217 297
20220105 222 315
20220106 221 331
20220107 230 341
20220108 234 353
20220109 237 357
20220110 234 356
20220111 227 352
20220112 230 344
20220113 224 344
20220114 225 343
20220115 221 345
20220116 220 351
20220117 226 347
20220118 220 338
20220119 213 344
20220120 210 348
20220121 209 335
20220122 206 329
20220123 206 327
20220124 200 317
20220125 198 304
20220126 195 305
20220127 195 292
20220128 192 292
20220201 189 277
20220202 182 280
20220203 182 270
20220204 177 260
20220205 170 264
20220206 164 256
20220207 160 239
20220208 154 225
20220209 144 214
20220210 142 201
20220211 137 200
20220212 135 202
20220213 135 194
20220214 132 189
20220215 131 184
20220216 130 186
20220217 132 188
20220218 131 182
20220219 125 181
20220220 126 191
20220221 139 187
20220222 140 181
20220223 135 175
20220224 135 171
20220225 129 166
20220226 127 166
20220227 122 165
20220228 125 159
20220229 122 158
20220230 123 151
20220231 127 153
20220301 129 152
20220302 126 154
20220303 131 154
20220304 133 149
20220305 140 146
20220306 137 146
20220307 144 150
20220308 149 147
20220309 153 159
20220310 156 159
20220311 158 153
20220312 159 156
20220313 162 164
20220314 163 162
20220315 165 164
20220316 166 174
20220317 167 180
20220318 165 183
20220319 165 169
20220320 158 167
20220321 158 168
20220322 157 176
20220323 159 187
20220324 162 191
20220325 165 200
20220326 169 223
20220327 170 230
20220328 176 241
20220329 175 257
20220330 174 270
20220401 178 272
20220402 178 277
20220403 175 279
20220404 174 278
20220405 175 296
20220406 176 305
20220407 173 312
20220408 179 332
20220409 179 330
20220410 175 348
20220411 178 352
20220412 177 357
20220413 173 351
20220414 175 353
20220415 172 355
20220416 175 358
20220417 177 357
20220418 178 367
20220419 177 369
20220420 174 369
20220421 176 378
20220422 183 371
20220423 182 362
20220424 179 362
20220425 183 360
20220426 184 345
20220427 185 334
20220428 181 333
20220429 189 326
20220430 192 315
20220431 194 319
20220501 196 317
20220502 199 315
20220503 203 315
20220504 197 308
20220505 200 318
20220506 197 314
20220507 195 302
20220508 195 315
20220509 207 300
20220510 205 297
20220511 207 290
20220512 208 297
20220513 209 308
20220514 215 308
20220515 209 297
20220516 207 311
20220517 206 300
20220518 205 316
20220519 204 310
20220520 207 303
20220521 203 302
20220522 198 301
20220523 202 308
20220524 206 305
20220525 205 315
20220526 210 321
20220527 214 326
20220528 210 331
20220529 206 337
20220530 202 338
20220601 206 342
20220602 205 347
20220603 200 343
20220604 201 340
20220605 201 323
20220606 209 320
20220607 208 315
20220608 202 295
20220609 194 297
20220610 199 300
20220611 202 307
20220612 207 307
20220613 206 302
20220614 209 303
20220615 210 307
20220616 212 288
20220617 217 290
20220618 219 269
20220619 225 264
20220620 221 254
20220621 219 267
20220622 229 266
20220623 226 256
20220624 223 255
20220625 223 243
20220626 216 247
20220627 215 235
20220628 216 221
20220629 220 218
20220630 216 208
20220631 214 209
20220701 214 206
20220702 218 211
20220703 222 209
20220704 226 210
20220705 228 210
20220706 224 212
20220707 228 215
20220708 224 210
20220709 222 202
20220710 221 194
20220711 217 197
20220712 216 186
20220713 214 187
20220714 222 182
20220715 219 185
20220716 218 184
20220717 220 195
20220718 218 204
20220719 216 204
20220720 214 201
20220721 208 214
20220722 209 211
20220723 209 214
20220724 211 211
20220725 215 210
20220726 213 221
20220727 213 227
20220728 209 220
20220729 212 225
20220730 211 216
20220731 210 219
20220801 210 214
20220802 205 217
20220803 202 218
20220804 194 225
20220805 190 229
20220806 186 230
20220807 191 227
20220808 189 231
20220809 187 237
20220810 182 232
20220811 181 236
20220812 177 232
20220813 171 239
20220814 180 245
20220815 185 248
20220816 186 249
20220817 189 247
20220818 193 253
20220819 199 260
