20090101 157 77
20090102 156 77
20090103 152 77
20090104 152 75
20090105 151 73
20090106 161 74
20090107 160 74
20090108 156 71
20090109 150 66
20090110 154 65
20090111 143 68
20090112 151 73
20090113 155 78
20090114 162 78
20090115 166 76
20090116 150 78
20090117 151 77
20090118 153 79
20090119 153 86
20090120 148 90
20090121 149 94
20090122 154 96
20090123 154 97
20090124 164 100
20090125 178 99
20090126 190 108
20090127 189 111
20090128 189 105
20090129 182 102
20090130 178 100
20090131 179 100
20090201 173 102
20090202 193 102
20090203 198 103
20090204 202 104
20090205 199 104
20090206 201 101
20090207 202 103
20090208 204 103
20090209 202 104
20090210 213 108
20090211 218 106
20090212 225 102
20090213 222 101
20090214 219 101
20090215 219 98
20090216 222 100
20090217 223 102
20090218 224 101
20090219 232 97
20090220 244 94
20090221 242 92
20090222 245 91
20090223 241 90
20090224 229 92
20090225 218 87
20090226 218 83
20090227 220 85
20090228 223 88
20090301 229 89
20090302 235 90
20090303 244 88
20090304 225 88
20090305 220 93
20090306 215 92
20090307 208 93
20090308 204 92
20090309 209 91
20090310 213 89
20090311 210 87
20090312 200 80
20090313 195 79
20090314 184 83
20090315 185 82
20090316 190 81
20090317 191 84
20090318 190 78
20090319 190 75
20090320 187 71
20090321 178 68
20090322 167 64
20090323 167 66
20090324 163 66
20090325 157 64
20090326 159 63
20090327 162 62
20090328 160 61
20090329 159 58
20090330 155 54
20090331 150 56
20090401 148 54
20090402 148 53
20090403 148 53
20090404 149 48
20090405 149 53
20090406 147 50
20090407 152 51
20090408 149 52
20090409 144 53
20090410 148 53
20090411 150 54
20090412 146 55
20090413 151 50
20090414 153 59
20090415 151 61
20090416 153 61
20090417 154 63
20090418 152 63
20090419 152 61
20090420 149 60
20090421 147 61
20090422 143 60
20090423 142 59
20090424 140 62
20090425 135 60
20090426 131 59
20090427 139 62
20090428 140 65
20090429 141 65
20090430 139 64
20090501 135 65
20090502 131 64
20090503 131 70
20090504 134 72
20090505 141 67
20090506 145 68
20090507 141 66
20090508 136 63
20090509 138 67
20090510 131 66
20090511 131 65
20090512 130 65
20090513 128 67
20090514 131 57
20090515 130 56
20090516 129 53
20090517 127 54
20090518 127 54
20090519 127 54
20090520 129 59
20090521 129 59
20090522 131 58
20090523 130 60
20090524 132 57
20090525 139 59
20090526 142 58
20090527 142 55
20090528 137 53
20090529 137 55
20090530 140 58
20090531 145 57
20090601 140 57
20090602 140 58
20090603 145 55
20090604 137 57
20090605 136 56
20090606 137 57
20090607 137 60
20090608 133 63
20090609 149 66
20090610 153 66
20090611 153 66
20090612 156 68
20090613 153 70
20090614 153 70
20090615 161 77
20090616 162 79
20090617 161 80
20090618 163 81
20090619 167 78
20090620 167 79
20090621 170 80
20090622 175 78
20090623 176 77
20090624 173 74
20090625 171 77
20090626 167 82
20090627 167 82
20090628 168 80
20090629 169 79
20090630 167 82
20090701 166 81
20090702 163 74
20090703 154 74
20090704 156 76
20090705 156 78
20090706 157 80
20090707 161 79
20090708 169 74
20090709 157 73
20090710 155 78
20090711 160 79
20090712 157 77
20090713 156 80
20090714 160 83
20090715 152 76
20090716 153 73
20090717 152 74
20090718 151 74
20090719 147 72
20090720 148 76
20090721 144 80
20090722 140 83
20090723 137 84
20090724 136 83
20090725 136 80
20090726 137 75
20090727 147 76
20090728 143 76
20090729 140 72
20090730 148 72
20090731 158 72
20090801 161 81
20090802 166 82
20090803 167 80
20090804 174 78
20090805 180 76
20090806 187 75
20090807 182 75
20090808 181 77
20090809 181 77
20090810 177 75
20090811 187 76
20090812 183 74
20090813 181 70
20090814 178 85
20090815 177 87
20090816 175 84
20090817 182 82
20090818 180 82
20090819 176 88
20090820 195 84
20090821 197 82
20090822 203 81
20090823 202 87
20090824 201 90
20090825 204 96
20090826 198 96
20090827 198 98
20090828 200 98
20090829 193 97
20090830 185 99
20090831 185 93
20090901 183 94
20090902 184 95
20090903 183 97
20090904 180 97
20090905 174 98
20090906 177 96
20090907 177 95
20090908 178 93
20090909 177 94
20090910 166 99
20090911 179 98
20090912 178 107
20090913 177 96
20090914 183 94
20090915 185 96
20090916 181 100
20090917 192 111
20090918 196 104
20090919 178 106
20090920 175 109
20090921 172 112
20090922 186 107
20090923 191 113
20090924 190 108
20090925 186 107
20090926 189 106
20090927 187 107
20090928 189 106
20090929 191 105
20090930 193 102
20091001 191 105
20091002 190 105
20091003 182 112
20091004 176 114
20091005 177 112
20091006 204 114
20091007 206 115
20091008 203 111
20091009 202 110
20091010 200 102
20091011 189 101
20091012 193 95
20091013 194 91
20091014 190 93
20091015 191 97
20091016 188 96
20091017 181 85
20091018 181 86
20091019 179 83
20091020 180 92
20091021 181 88
20091022 168 91
20091023 163 89
20091024 154 90
20091025 154 91
20091026 152 90
20091027 151 90
20091028 150 89
20091029 148 92
20091030 146 97
20091031 150 92
20091101 147 90
20091102 151 85
20091103 151 85
20091104 149 86
20091105 116 85
20091106 116 84
20091107 112 87
20091108 111 87
20091109 115 88
20091110 116 88
20091111 110 87
20091112 114 89
20091113 110 90
20091114 109 87
20091115 108 90
20091116 111 91
20091117 113 90
20091118 115 169
20091119 127 159
20091120 128 159
20091121 131 156
20091122 132 150
20091123 140 154
20091124 144 155
20091125 145 154
20091126 149 157
20091127 148 159
20091128 149 156
20091129 148 157
20091130 149 163
20091201 155 164
20091202 157 162
20091203 161 160
20091204 162 167
20091205 163 168
20091206 164 168
20091207 171 167
20091208 173 165
20091209 175 165
20091210 175 164
20091211 179 162
20091212 181 159
20091213 186 155
20091214 185 153
20091215 186 147
20091216 187 150
20091217 183 147
20091218 183 67
20091219 170 65
20091220 162 67
20091221 156 68
20091222 152 67
20091223 144 61
20091224 138 67
20091225 134 68
20091226 128 83
20091227 121 86
20091228 116 85
20091229 113 78
20091230 105 103
20091231 98 107
20100101 90 112
20100102 89 112
20100103 90 104
20100104 89 114
20100105 103 112
20100106 99 114
20100107 99 116
20100108 100 126
20100109 100 129
20100110 97 133
20100111 95 142
20100112 93 145
20100113 98 150
20100114 99 154
20100115 100 156
20100116 103 158
20100117 106 162
20100118 111 163
20100119 117 175
20100120 120 175
20100121 124 182
20100122 132 184
20100123 135 176
20100124 141 188
20100125 146 181
20100126 152 189
20100127 153 194
20100128 157 203
20100129 162 174
20100130 166 168
20100131 166 162
20100201 164 162
20100202 160 163
20100203 164 152
20100204 151 150
20100205 154 152
20100206 154 152
20100207 153 142
20100208 152 141
20100209 157 137
20100210 155 132
20100211 156 131
20100212 153 131
20100213 154 129
20100214 146 127
20100215 146 123
20100216 141 119
20100217 139 119
20100218 139 107
20100219 143 112
20100220 143 105
20100221 140 104
20100222 141 104
20100223 142 94
20100224 146 84
20100225 146 73
20100226 147 70
20100227 144 63
20100228 145 69
20100301 149 71
20100302 151 72
20100303 153 72
20100304 155 74
20100305 152 77
20100306 148 78
20100307 147 73
20100308 144 71
20100309 140 70
20100310 137 70
20100311 132 70
20100312 130 69
20100313 125 66
20100314 124 151
20100315 126 157
20100316 129 155
20100317 127 157
20100318 127 158
20100319 124 157
20100320 124 157
20100321 121 151
20100322 118 152
20100323 118 154
20100324 122 153
20100325 119 152
20100326 113 151
20100327 109 152
20100328 108 153
20100329 111 157
20100330 110 152
20100331 108 153
20100401 108 151
20100402 105 152
20100403 105 149
20100404 104 146
20100405 102 148
20100406 109 149
20100407 114 151
20100408 121 154
20100409 121 153
20100410 122 153
20100411 121 152
20100412 125 152
20100413 122 62
20100414 117 54
20100415 117 54
20100416 118 54
20100417 117 59
20100418 118 59
20100419 119 60
20100420 126 61
20100421 129 60
20100422 129 61
20100423 132 63
20100424 135 64
20100425 135 64
20100426 140 63
20100427 144 60
20100428 144 56
20100429 140 53
20100430 139 51
20100501 141 54
20100502 147 53
20100503 154 53
20100504 157 55
20100505 168 56
20100506 163 57
20100507 164 58
20100508 158 55
20100509 163 56
20100510 174 59
20100511 178 59
20100512 174 62
20100513 180 61
20100514 183 63
20100515 180 62
20100516 182 61
20100517 182 57
20100518 190 58
20100519 185 67
20100520 187 67
20100521 190 70
20100522 190 66
20100523 182 65
20100524 181 66
20100525 186 70
20100526 182 70
20100527 183 72
20100528 187 71
20100529 195 74
20100530 196 80
20100531 196 80
20100601 190 82
20100602 183 85
20100603 189 81
20100604 184 77
20100605 180 74
20100606 176 74
20100607 179 77
20100608 178 77
20100609 167 78
20100610 169 82
20100611 175 82
20100612 172 81
20100613 172 86
20100614 178 86
20100615 177 88
20100616 182 86
20100617 177 88
20100618 187 79
20100619 179 80
20100620 183 78
20100621 184 79
20100622 189 80
20100623 187 99
20100624 183 95
20100625 186 97
20100626 183 99
20100627 177 100
20100628 174 103
20100629 170 104
20100630 170 102
20100701 173 100
20100702 170 97
20100703 162 100
20100704 160 101
20100705 159 104
20100706 163 102
20100707 162 101
20100708 160 101
20100709 164 100
20100710 166 96
20100711 164 95
20100712 168 99
20100713 168 96
20100714 164 97
20100715 167 96
20100716 172 102
20100717 168 99
20100718 159 97
20100719 158 95
20100720 153 96
20100721 159 103
20100722 158 102
20100723 156 79
20100724 159 81
20100725 157 78
20100726 157 81
20100727 161 79
20100728 163 75
20100729 169 68
20100730 171 71
20100731 167 73
20100801 170 79
20100802 174 77
20100803 175 77
20100804 176 75
20100805 174 75
20100806 179 74
20100807 176 78
20100808 175 77
20100809 173 75
20100810 169 73
20100811 170 73
20100812 165 70
20100813 165 78
20100814 162 81
20100815 154 78
20100816 154 85
20100817 156 84
20100818 159 86
20100819 154 86
20100820 146 84
20100821 142 92
20100822 142 94
20100823 137 98
20100824 134 99
20100825 140 96
20100826 142 97
20100827 138 97
20100828 136 96
20100829 132 95
20100830 140 95
20100831 144 92
20100901 145 92
20100902 142 92
20100903 142 93
20100904 141 95
20100905 135 95
20100906 136 93
20100907 134 95
20100908 130 96
20100909 132 98
20100910 126 96
20100911 129 98
20100912 137 88
20100913 137 84
20100914 136 84
20100915 137 79
20100916 143 84
20100917 144 82
20100918 147 80
20100919 146 79
20100920 147 73
20100921 149 74
20100922 149 70
20100923 153 68
20100924 149 68
20100925 144 70
20100926 146 72
20100927 148 76
20100928 149 74
20100929 148 86
20100930 143 83
20101001 137 90
20101002 140 91
20101003 139 93
20101004 138 94
20101005 137 94
20101006 141 92
20101007 138 94
20101008 138 94
20101009 137 93
20101010 138 93
20101011 135 91
20101012 132 96
20101013 130 98
20101014 132 96
20101015 134 93
20101016 126 90
20101017 121 102
20101018 125 103
20101019 125 101
20101020 126 102
20101021 128 102
20101022 132 102
20101023 129 106
20101024 127 106
20101025 127 107
20101026 125 105
20101027 121 103
20101028 125 104
20101029 121 93
20101030 120 98
20101031 118 93
20101101 116 92
20101102 118 88
20101103 116 85
20101104 117 89
20101105 117 88
20101106 122 82
20101107 118 85
20101108 115 84
20101109 114 84
20101110 118 85
20101111 116 82
20101112 121 84
20101113 119 85
20101114 119 87
20101115 122 86
20101116 123 75
20101117 120 74
20101118 119 74
20101119 115 72
20101120 115 77
20101121 116 76
20101122 119 75
20101123 118 73
20101124 121 71
20101125 121 73
20101126 127 72
20101127 125 72
20101128 129 68
20101129 134 63
20101130 135 61
20101201 138 69
20101202 139 73
20101203 147 82
20101204 151 79
20101205 152 88
20101206 154 93
20101207 164 92
20101208 170 97
20101209 173 100
20101210 178 101
20101211 176 101
20101212 173 98
20101213 175 98
20101214 172 100
20101215 171 102
20101216 172 102
20101217 174 102
20101218 175 109
20101219 182 115
20101220 182 109
20101221 182 108
20101222 183 107
20101223 186 109
20101224 188 109
20101225 188 105
20101226 181 105
20101227 180 108
20101228 178 108
20101229 177 109
20101230 179 108
20101231 174 101
20110101 170 101
20110102 164 93
20110103 163 91
20110104 160 83
20110105 159 81
20110106 153 80
20110107 153 76
20110108 151 71
20110109 144 73
20110110 147 75
20110111 145 74
20110112 144 76
20110113 146 75
20110114 149 73
20110115 145 73
20110116 140 75
20110117 141 65
20110118 137 58
20110119 134 57
20110120 131 59
20110121 129 65
20110122 129 71
20110123 127 76
20110124 133 77
20110125 131 77
20110126 135 73
20110127 133 87
20110128 131 89
20110129 131 91
20110130 134 91
20110131 136 90
20110201 139 94
20110202 138 97
20110203 138 97
20110204 137 98
20110205 136 98
20110206 130 101
20110207 129 103
20110208 129 99
20110209 126 98
20110210 126 103
20110211 124 106
20110212 125 105
20110213 120 107
20110214 125 105
20110215 126 107
20110216 133 107
20110217 135 109
20110218 135 112
20110219 132 109
20110220 134 103
20110221 130 96
20110222 129 96
20110223 121 104
20110224 125 105
20110225 119 108
20110226 119 99
20110227 118 100
20110228 123 102
20110301 124 108
20110302 130 115
20110303 132 116
20110304 130 126
20110305 132 126
20110306 133 133
20110307 137 131
20110308 141 148
20110309 146 149
20110310 148 152
20110311 150 151
20110312 150 147
20110313 155 143
20110314 155 143
20110315 160 141
20110316 156 145
20110317 161 141
20110318 159 143
20110319 157 141
20110320 160 140
20110321 169 145
20110322 171 151
20110323 177 150
20110324 179 144
20110325 180 136
20110326 181 134
20110327 180 130
20110328 184 130
20110329 185 127
20110330 180 128
20110331 188 121
20110401 183 112
20110402 177 108
20110403 177 100
20110404 177 103
20110405 173 93
20110406 172 95
20110407 171 76
20110408 169 75
20110409 171 80
20110410 170 82
20110411 174 81
20110412 169 82
20110413 172 81
20110414 168 81
20110415 170 79
20110416 165 79
20110417 158 78
20110418 157 77
20110419 153 74
20110420 146 69
20110421 141 62
20110422 138 64
20110423 132 66
20110424 130 67
20110425 131 71
20110426 133 71
20110427 131 68
20110428 131 67
20110429 133 62
20110430 125 62
20110501 122 66
20110502 121 66
20110503 122 65
20110504 119 68
20110505 120 68
20110506 122 70
20110507 122 72
20110508 118 75
20110509 114 66
20110510 112 65
20110511 113 64
20110512 117 61
20110513 111 64
20110514 109 65
20110515 105 65
20110516 107 67
20110517 110 66
20110518 116 66
20110519 119 78
20110520 121 80
20110521 121 82
20110522 122 84
20110523 123 82
20110524 127 83
20110525 123 82
20110526 120 88
20110527 122 101
20110528 120 107
20110529 117 111
20110530 119 110
20110531 123 107
20110601 125 107
20110602 124 103
20110603 126 100
20110604 125 101
20110605 122 99
20110606 124 96
20110607 126 92
20110608 131 94
20110609 133 93
20110610 128 95
20110611 123 95
20110612 126 91
20110613 129 92
20110614 139 93
20110615 141 92
20110616 140 93
20110617 133 98
20110618 132 90
20110619 130 90
20110620 134 89
20110621 133 84
20110622 134 83
20110623 133 81
20110624 138 84
20110625 139 83
20110626 133 73
20110627 137 71
20110628 141 78
20110629 138 88
20110630 137 93
20110701 137 131
20110702 136 154
20110703 134 162
20110704 133 171
20110705 131 179
20110706 132 196
20110707 137 220
20110708 132 303
20110709 135 334
20110710 134 395
20110711 144 436
20110712 143 491
20110713 141 528
20110714 137 544
20110715 135 562
20110716 133 563
20110717 136 563
20110718 139 562
20110719 140 561
20110720 138 561
20110721 137 564
20110722 141 568
20110723 142 568
20110724 140 563
20110725 143 559
20110726 143 563
20110727 145 567
20110728 146 561
20110729 146 552
20110730 147 549
20110731 145 509
20110801 150 501
20110802 151 490
20110803 151 483
20110804 153 474
20110805 147 458
20110806 144 435
20110807 142 354
20110808 136 328
20110809 138 266
20110810 131 224
20110811 132 173
20110812 131 134
20110813 131 119
20110814 127 100
20110815 130 99
20110816 127 99
20110817 122 96
20110818 123 96
20110819 121 106
20110820 119 111
20110821 115 111
20110822 114 113
20110823 115 120
20110824 120 123
20110825 127 120
20110826 123 112
20110827 120 109
20110828 120 110
20110829 118 110
20110830 124 110
20110831 119 98
20110901 120 98
20110902 118 94
20110903 115 103
20110904 119 105
20110905 121 110
20110906 125 108
20110907 128 107
20110908 125 110
20110909 122 135
20110910 121 163
20110911 124 169
20110912 125 166
20110913 128 166
20110914 129 169
20110915 133 182
20110916 136 203
20110917 140 227
20110918 141 226
20110919 146 223
20110920 151 234
20110921 148 234
20110922 146 227
20110923 140 227
20110924 135 234
20110925 136 239
20110926 138 242
20110927 142 244
20110928 142 241
20110929 138 244
20110930 137 246
20111001 142 245
20111002 146 257
20111003 149 256
20111004 151 269
20111005 146 285
20111006 147 290
20111007 148 290
20111008 155 287
20111009 158 264
20111010 157 239
20111011 158 238
20111012 157 239
20111013 155 242
20111014 159 238
20111015 155 221
20111016 154 206
20111017 148 185
20111018 150 179
20111019 152 177
20111020 152 166
20111021 158 164
20111022 159 169
20111023 157 170
20111024 162 162
20111025 162 161
20111026 164 158
20111027 160 162
20111028 161 164
20111029 163 164
20111030 167 161
20111031 168 162
20111101 170 153
20111102 167 147
20111103 167 133
20111104 170 110
20111105 169 111
20111106 176 108
20111107 174 114
20111108 176 119
20111109 179 115
20111110 177 111
20111111 173 109
20111112 175 107
20111113 173 111
20111114 176 112
20111115 178 116
20111116 179 112
20111117 176 112
20111118 170 114
20111119 168 116
20111120 166 121
20111121 165 120
20111122 174 117
20111123 173 113
20111124 176 116
20111125 171 114
20111126 168 106
20111127 165 104
20111128 164 107
20111129 161 108
20111130 162 111
20111201 167 114
20111202 172 113
20111203 171 113
20111204 173 123
20111205 172 119
20111206 164 119
20111207 162 115
20111208 157 113
20111209 156 115
20111210 165 115
20111211 168 116
20111212 168 115
20111213 167 111
20111214 168 110
20111215 163 107
20111216 165 108
20111217 163 103
20111218 164 98
20111219 164 93
20111220 161 88
20111221 162 85
20111222 154 85
20111223 149 86
20111224 144 82
20111225 142 82
20111226 145 86
20111227 152 85
20111228 153 78
20111229 159 77
20111230 154 77
20111231 143 72
20120101 140 70
20120102 137 67
20120103 132 57
20120104 130 61
20120105 126 85
20120106 123 86
20120107 122 83
20120108 125 80
20120109 116 83
20120110 112 87
20120111 111 87
20120112 107 89
20120113 105 92
20120114 112 87
20120115 111 87
20120116 111 91
20120117 114 92
20120118 116 93
20120119 117 92
20120120 115 91
20120121 114 94
20120122 116 94
20120123 117 94
20120124 123 101
20120125 122 104
20120126 123 123
20120127 121 138
20120128 116 138
20120129 115 138
20120130 131 146
20120131 136 150
20120201 138 153
20120202 143 158
20120203 151 155
20120204 157 136
20120205 159 141
20120206 163 146
20120207 165 147
20120208 168 146
20120209 172 145
20120210 176 149
20120211 180 149
20120212 179 147
20120213 176 150
20120214 173 149
20120215 176 152
20120216 174 152
20120217 173 154
20120218 174 157
20120219 173 156
20120220 179 181
20120221 176 183
20120222 178 184
20120223 173 183
20120224 173 182
20120225 164 165
20120226 165 153
20120227 169 152
20120228 167 149
20120229 155 141
20120301 149 137
20120302 148 139
20120303 143 135
20120304 141 133
20120305 140 127
20120306 146 119
20120307 143 114
20120308 138 125
20120309 137 123
20120310 134 133
20120311 130 134
20120312 127 135
20120313 129 136
20120314 127 135
20120315 130 137
20120316 131 133
20120317 133 132
20120318 129 128
20120319 126 128
20120320 131 140
20120321 125 114
20120322 133 116
20120323 132 116
20120324 134 113
20120325 131 114
20120326 135 138
20120327 133 136
20120328 133 136
20120329 139 136
20120330 139 138
20120331 140 144
20120401 142 141
20120402 144 142
20120403 142 142
20120404 147 140
20120405 142 142
20120406 143 142
20120407 143 131
20120408 141 141
20120409 144 141
20120410 146 148
20120411 150 158
20120412 147 162
20120413 147 161
20120414 145 161
20120415 144 166
20120416 146 167
20120417 148 170
20120418 152 178
20120419 153 179
20120420 155 178
20120421 157 177
20120422 153 186
20120423 155 184
20120424 167 184
20120425 167 163
20120426 174 163
20120427 176 162
20120428 169 163
20120429 171 162
20120430 172 161
20120501 170 162
20120502 170 161
20120503 166 159
20120504 161 162
20120505 162 161
20120506 165 161
20120507 162 162
20120508 163 155
20120509 162 143
20120510 161 130
20120511 156 121
20120512 159 120
20120513 158 120
20120514 157 121
20120515 162 117
20120516 160 117
20120517 162 117
20120518 166 108
20120519 164 96
20120520 163 96
20120521 159 91
20120522 162 82
20120523 159 82
20120524 152 77
20120525 151 74
20120526 145 75
20120527 141 77
20120528 142 83
20120529 138 89
20120530 142 86
20120531 142 88
20120601 141 91
20120602 149 92
20120603 145 92
20120604 147 92
20120605 145 93
20120606 146 95
20120607 144 96
20120608 146 97
20120609 149 101
20120610 150 102
20120611 149 96
20120612 156 98
20120613 165 96
20120614 167 93
20120615 169 94
20120616 165 95
20120617 159 100
20120618 157 104
20120619 163 110
20120620 158 123
20120621 158 122
20120622 156 128
20120623 152 134
20120624 151 133
20120625 154 131
20120626 149 133
20120627 152 128
20120628 154 120
20120629 152 121
20120630 153 119
20120701 152 119
20120702 148 121
20120703 152 118
20120704 151 118
20120705 149 128
20120706 150 127
20120707 150 124
20120708 146 123
20120709 147 124
20120710 147 122
20120711 155 125
20120712 151 126
20120713 151 126
20120714 141 128
20120715 136 131
20120716 138 139
20120717 146 143
20120718 152 139
20120719 149 135
20120720 151 123
20120721 157 121
20120722 159 115
20120723 162 111
20120724 161 112
20120725 158 115
20120726 171 117
20120727 173 127
20120728 177 131
20120729 173 134
20120730 175 136
20120731 184 133
20120801 184 134
20120802 188 136
20120803 185 145
20120804 190 138
20120805 188 144
20120806 191 145
20120807 194 147
20120808 188 146
20120809 187 144
20120810 182 143
20120811 181 139
20120812 172 152
20120813 175 171
20120814 178 169
20120815 174 160
20120816 167 156
20120817 160 155
20120818 160 155
20120819 159 157
20120820 154 165
20120821 155 166
20120822 156 163
20120823 156 162
20120824 157 164
20120825 151 168
20120826 147 158
20120827 143 157
20120828 145 155
20120829 146 153
20120830 139 155
20120831 137 158
20120901 131 159
20120902 138 148
20120903 135 144
20120904 140 139
20120905 141 143
20120906 145 150
20120907 149 153
20120908 156 153
20120909 155 158
20120910 159 162
20120911 167 157
20120912 171 138
20120913 171 138
20120914 178 143
20120915 177 143
20120916 176 152
20120917 174 150
20120918 175 151
20120919 172 145
20120920 169 147
20120921 167 154
20120922 169 158
20120923 168 162
20120924 169 155
20120925 170 154
20120926 171 153
20120927 169 154
20120928 168 153
20120929 168 153
20120930 165 153
20121001 169 158
20121002 168 163
20121003 173 173
20121004 170 171
20121005 166 177
20121006 165 175
20121007 166 178
20121008 158 182
20121009 156 175
20121010 152 175
20121011 147 173
20121012 141 171
20121013 140 169
20121014 141 163
20121015 142 160
20121016 140 153
20121017 137 158
20121018 142 159
20121019 148 162
20121020 153 160
20121021 152 159
20121022 157 162
20121023 156 160
20121024 156 160
20121025 158 164
20121026 154 163
20121027 153 170
20121028 155 175
20121029 159 176
20121030 161 172
20121031 154 165
20121101 153 163
20121102 149 160
20121103 148 160
20121104 152 153
20121105 148 148
20121106 148 142
20121107 153 144
20121108 159 146
20121109 159 142
20121110 162 138
20121111 168 140
20121112 170 144
20121113 165 149
20121114 164 150
20121115 172 164
20121116 178 167
20121117 172 164
20121118 173 161
20121119 176 161
20121120 177 159
20121121 175 159
20121122 177 157
20121123 176 167
20121124 175 164
20121125 184 169
20121126 189 164
20121127 190 161
20121128 187 166
20121129 189 173
20121130 195 179
20121201 192 178
20121202 199 175
20121203 202 182
20121204 200 179
20121205 202 180
20121206 202 194
20121207 203 192
20121208 196 191
20121209 194 191
20121210 192 196
20121211 193 205
20121212 196 199
20121213 198 198
20121214 200 198
20121215 200 182
20121216 196 179
20121217 198 181
20121218 193 183
20121219 191 192
20121220 198 191
20121221 199 184
20121222 198 185
20121223 192 172
20121224 198 174
20121225 191 169
20121226 188 168
20121227 185 165
20121228 188 159
20121229 187 150
20121230 184 154
20121231 189 157
20130101 184 156
20130102 188 157
20130103 189 156
20130104 185 155
20130105 182 142
20130106 175 140
20130107 180 145
20130108 181 145
20130109 178 138
20130110 180 132
20130111 173 133
20130112 173 134
20130113 175 131
20130114 177 138
20130115 182 135
20130116 188 132
20130117 193 131
20130118 194 128
20130119 190 129
20130120 186 129
20130121 188 126
20130122 192 133
20130123 185 129
20130124 186 131
20130125 186 129
20130126 189 130
20130127 187 128
20130128 193 127
20130129 193 121
20130130 187 119
20130131 189 120
20130201 182 113
20130202 179 119
20130203 188 117
20130204 189 115
20130205 189 126
20130206 184 149
20130207 190 157
20130208 190 165
20130209 186 166
20130210 195 173
20130211 195 178
20130212 198 193
20130213 193 189
20130214 190 193
20130215 187 230
20130216 184 234
20130217 181 234
20130218 185 237
20130219 188 241
20130220 186 248
20130221 185 248
20130222 191 255
20130223 189 254
20130224 194 254
20130225 190 254
20130226 191 255
20130227 191 255
20130228 190 253
20130301 193 255
20130302 191 250
20130303 193 251
20130304 195 248
20130305 195 248
20130306 199 245
20130307 200 231
20130308 200 205
20130309 193 197
20130310 195 195
20130311 194 193
20130312 191 190
20130313 193 183
20130314 195 166
20130315 193 165
20130316 199 161
20130317 195 129
20130318 195 125
20130319 195 120
20130320 192 112
20130321 188 108
20130322 196 101
20130323 196 95
20130324 188 88
20130325 189 89
20130326 186 89
20130327 187 88
20130328 190 96
20130329 187 96
20130330 191 95
20130331 188 93
20130401 187 93
20130402 186 92
20130403 187 94
20130404 181 100
20130405 180 103
20130406 180 106
20130407 178 106
20130408 181 106
20130409 184 100
20130410 181 95
20130411 181 91
20130412 176 87
20130413 168 89
20130414 166 89
20130415 162 88
20130416 162 86
20130417 161 85
20130418 159 84
20130419 152 90
20130420 151 93
20130421 142 93
20130422 142 92
20130423 142 93
20130424 145 92
20130425 146 95
20130426 148 103
20130427 150 94
20130428 147 93
20130429 147 94
20130430 150 93
20130501 148 92
20130502 150 88
20130503 151 84
20130504 150 81
20130505 145 91
20130506 144 96
20130507 150 98
20130508 150 98
20130509 145 97
20130510 146 100
20130511 142 102
20130512 140 103
20130513 137 107
20130514 143 107
20130515 140 106
20130516 138 106
20130517 137 105
20130518 135 105
20130519 136 101
20130520 137 99
20130521 140 101
20130522 143 106
20130523 152 107
20130524 151 107
20130525 152 103
20130526 147 96
20130527 140 97
20130528 139 103
20130529 138 101
20130530 137 99
20130531 138 99
20130601 135 100
20130602 134 97
20130603 138 95
20130604 138 85
20130605 140 77
20130606 138 77
20130607 136 77
20130608 137 80
20130609 138 78
20130610 134 81
20130611 137 83
20130612 144 82
20130613 144 86
20130614 146 84
20130615 148 84
20130616 152 88
20130617 156 91
20130618 163 100
20130619 168 105
20130620 171 102
20130621 167 97
20130622 160 99
20130623 162 98
20130624 160 101
20130625 164 102
20130626 165 103
20130627 168 99
20130628 168 99
20130629 168 101
20130630 169 105
20130701 169 106
20130702 170 110
20130703 169 108
20130704 177 112
20130705 179 117
20130706 179 114
20130707 180 119
20130708 191 126
20130709 189 127
20130710 192 127
20130711 193 124
20130712 192 120
20130713 186 116
20130714 183 120
20130715 182 120
20130716 180 117
20130717 183 116
20130718 179 107
20130719 176 101
20130720 170 101
20130721 173 106
20130722 176 102
20130723 175 105
20130724 176 105
20130725 172 104
20130726 172 102
20130727 170 100
20130728 169 102
20130729 168 108
20130730 168 109
20130731 171 109
20130801 169 104
20130802 170 104
20130803 165 98
20130804 163 98
20130805 164 98
20130806 164 94
20130807 154 89
20130808 156 89
20130809 158 83
20130810 154 85
20130811 150 90
20130812 154 90
20130813 159 86
20130814 160 89
20130815 159 89
20130816 155 87
20130817 158 86
20130818 156 86
20130819 161 86
20130820 160 86
20130821 158 85
20130822 156 85
20130823 154 82
20130824 157 83
20130825 155 86
20130826 154 89
20130827 152 91
20130828 149 84
20130829 151 80
20130830 155 83
20130831 152 84
20130901 149 89
20130902 151 91
20130903 156 87
20130904 152 89
20130905 154 90
20130906 158 86
20130907 158 87
20130908 158 89
20130909 159 91
20130910 166 92
20130911 174 94
20130912 167 96
20130913 170 93
20130914 169 93
20130915 173 96
20130916 173 98
20130917 173 99
20130918 168 100
20130919 171 96
20130920 169 98
20130921 170 95
20130922 166 92
20130923 167 90
20130924 168 87
20130925 168 84
20130926 169 82
20130927 171 81
20130928 171 82
20130929 164 78
20130930 169 78
20131001 169 73
20131002 165 72
20131003 166 72
20131004 166 68
20131005 163 72
20131006 160 75
20131007 160 78
20131008 163 92
20131009 171 91
20131010 165 85
20131011 153 86
20131012 158 86
20131013 153 82
20131014 154 85
20131015 153 86
20131016 151 85
20131017 152 85
20131018 156 84
20131019 151 83
20131020 151 85
20131021 153 86
20131022 157 91
20131023 155 97
20131024 156 100
20131025 161 101
20131026 159 100
20131027 163 103
20131028 160 104
20131029 161 106
20131030 163 106
20131031 163 107
20131101 165 106
20131102 161 106
20131103 163 111
20131104 166 111
20131105 166 109
20131106 167 105
20131107 163 92
20131108 158 89
20131109 159 91
20131110 168 87
20131111 168 88
20131112 177 90
20131113 176 187
20131114 175 181
20131115 175 182
20131116 173 182
20131117 172 182
20131118 172 184
20131119 171 180
20131120 171 183
20131121 170 184
20131122 169 179
20131123 166 181
20131124 165 183
20131125 168 186
20131126 162 186
20131127 159 187
20131128 164 188
20131129 163 189
20131130 169 196
20131201 167 200
20131202 171 202
20131203 176 201
20131204 181 196
20131205 181 199
20131206 191 201
20131207 188 203
20131208 189 202
20131209 186 202
20131210 180 207
20131211 184 211
20131212 178 213
20131213 181 115
20131214 187 119
20131215 185 123
20131216 191 139
20131217 194 147
20131218 196 152
20131219 197 154
20131220 203 153
20131221 203 154
20131222 203 152
20131223 206 148
20131224 211 152
20131225 215 149
20131226 216 150
20131227 222 150
20131228 223 151
20131229 223 153
20131230 219 145
20131231 219 142
20140101 217 146
20140102 211 145
20140103 205 159
20140104 204 156
20140105 200 159
20140106 206 163
20140107 212 165
20140108 214 163
20140109 211 163
20140110 206 156
20140111 205 157
20140112 205 157
20140113 200 154
20140114 202 149
20140115 204 137
20140116 201 131
20140117 205 129
20140118 203 130
20140119 201 129
20140120 205 126
20140121 205 130
20140122 204 130
20140123 198 124
20140124 196 124
20140125 201 123
20140126 199 126
20140127 197 123
20140128 196 122
20140129 194 132
20140130 202 166
20140131 200 164
20140201 202 170
20140202 202 165
20140203 202 180
20140204 196 205
20140205 203 211
20140206 203 247
20140207 209 285
20140208 214 333
20140209 209 356
20140210 213 368
20140211 210 367
20140212 205 373
20140213 211 377
20140214 210 377
20140215 215 374
20140216 208 374
20140217 216 376
20140218 214 378
20140219 219 376
20140220 222 374
20140221 224 373
20140222 220 373
20140223 220 373
20140224 218 376
20140225 222 373
20140226 216 378
20140227 213 377
20140228 216 369
20140301 208 336
20140302 207 333
20140303 208 327
20140304 207 318
20140305 204 305
20140306 204 275
20140307 194 262
20140308 187 229
20140309 180 191
20140310 179 137
20140311 183 115
20140312 184 100
20140313 186 96
20140314 187 91
20140315 176 86
20140316 167 83
20140317 161 87
20140318 163 83
20140319 157 82
20140320 157 79
20140321 148 82
20140322 144 84
20140323 141 85
20140324 144 89
20140325 140 92
20140326 135 91
20140327 136 87
20140328 141 80
20140329 142 78
20140330 136 76
20140331 135 74
20140401 138 78
20140402 141 77
20140403 140 77
20140404 142 73
20140405 140 78
20140406 138 76
20140407 143 75
20140408 143 76
20140409 139 78
20140410 139 80
20140411 135 82
20140412 134 83
20140413 138 83
20140414 139 82
20140415 143 84
20140416 143 85
20140417 145 85
20140418 147 80
20140419 138 79
20140420 137 80
20140421 140 82
20140422 137 82
20140423 142 82
20140424 142 79
20140425 151 74
20140426 146 76
20140427 141 78
20140428 141 83
20140429 144 84
20140430 142 86
20140501 138 83
20140502 135 84
20140503 138 82
20140504 137 86
20140505 140 85
20140506 145 91
20140507 142 88
20140508 144 89
20140509 146 90
20140510 144 88
20140511 146 90
20140512 146 92
20140513 143 93
20140514 144 93
20140515 143 90
20140516 145 85
20140517 144 88
20140518 142 89
20140519 147 90
20140520 147 88
20140521 149 88
20140522 154 91
20140523 154 91
20140524 161 91
20140525 158 94
20140526 156 99
20140527 159 98
20140528 160 98
20140529 165 98
20140530 170 101
20140531 174 100
20140601 171 103
20140602 172 104
20140603 179 101
20140604 178 96
20140605 179 96
20140606 181 98
20140607 182 97
20140608 188 97
20140609 187 95
20140610 187 94
20140611 187 93
20140612 185 93
20140613 187 94
20140614 191 93
20140615 189 93
20140616 185 93
20140617 184 96
20140618 181 99
20140619 185 102
20140620 184 102
20140621 181 101
20140622 174 96
20140623 168 98
20140624 163 99
20140625 166 96
20140626 171 97
20140627 169 93
20140628 160 94
20140629 162 91
20140630 162 93
20140701 168 94
20140702 168 95
20140703 165 99
20140704 164 101
20140705 162 97
20140706 160 100
20140707 158 107
20140708 152 105
20140709 157 107
20140710 159 106
20140711 160 105
20140712 160 106
20140713 158 106
20140714 158 109
20140715 162 110
20140716 169 106
20140717 169 104
20140718 173 100
20140719 167 104
20140720 164 99
20140721 164 95
20140722 167 96
20140723 171 94
20140724 175 91
20140725 176 89
20140726 169 89
20140727 168 93
20140728 177 94
20140729 180 91
20140730 179 88
20140731 175 83
20140801 176 82
20140802 173 79
20140803 173 79
20140804 173 77
20140805 175 74
20140806 179 69
20140807 176 70
20140808 174 73
20140809 172 76
20140810 171 86
20140811 172 83
20140812 175 83
20140813 173 80
20140814 167 78
20140815 159 79
20140816 161 79
20140817 156 80
20140818 158 70
20140819 157 70
20140820 158 70
20140821 160 69
20140822 155 67
20140823 150 68
20140824 148 68
20140825 148 66
20140826 145 63
20140827 142 61
20140828 137 66
20140829 143 68
20140830 142 67
20140831 140 70
20140901 147 71
20140902 146 71
20140903 146 80
20140904 139 80
20140905 137 77
20140906 140 75
20140907 139 72
20140908 134 70
20140909 135 61
20140910 136 62
20140911 132 61
20140912 136 64
20140913 138 65
20140914 142 65
20140915 141 64
20140916 143 62
20140917 142 74
20140918 146 73
20140919 146 74
20140920 140 83
20140921 140 86
20140922 144 87
20140923 141 89
20140924 147 90
20140925 155 90
20140926 152 88
20140927 151 83
20140928 141 82
20140929 141 83
20140930 140 81
20141001 133 85
20141002 143 85
20141003 143 112
20141004 145 116
20141005 147 119
20141006 145 124
20141007 150 126
20141008 151 126
20141009 149 126
20141010 151 125
20141011 154 125
20141012 149 123
20141013 149 127
20141014 153 128
20141015 159 127
20141016 158 130
20141017 160 118
20141018 162 124
20141019 164 125
20141020 164 119
20141021 166 118
20141022 173 117
20141023 179 118
20141024 174 117
20141025 180 118
20141026 183 120
20141027 189 123
20141028 200 124
20141029 205 125
20141030 203 125
20141031 205 124
20141101 194 127
20141102 191 93
20141103 193 91
20141104 189 92
20141105 200 92
20141106 203 91
20141107 205 89
20141108 205 91
20141109 203 97
20141110 203 98
20141111 202 96
20141112 207 96
20141113 205 97
20141114 200 109
20141115 203 113
20141116 205 115
20141117 211 112
20141118 211 114
20141119 219 116
20141120 224 120
20141121 220 123
20141122 216 127
20141123 215 130
20141124 212 132
20141125 211 135
20141126 211 136
20141127 202 134
20141128 201 134
20141129 202 133
20141130 203 131
20141201 201 127
20141202 208 131
20141203 204 128
20141204 207 125
20141205 201 121
20141206 194 123
20141207 192 138
20141208 198 134
20141209 201 131
20141210 208 132
20141211 212 132
20141212 206 133
20141213 205 136
20141214 202 127
20141215 202 123
20141216 201 120
20141217 191 121
20141218 191 117
20141219 184 112
20141220 176 111
20141221 172 109
20141222 175 103
20141223 172 106
20141224 164 106
20141225 161 102
20141226 156 100
20141227 155 103
20141228 153 103
20141229 156 104
20141230 155 106
20141231 155 105
20150101 149 101
20150102 150 103
20150103 149 105
20150104 149 107
20150105 152 106
20150106 152 90
20150107 148 93
20150108 144 91
20150109 140 91
20150110 142 92
20150111 143 87
20150112 141 86
20150113 148 86
20150114 147 89
20150115 147 91
20150116 145 89
20150117 140 90
20150118 139 94
20150119 142 99
20150120 147 98
20150121 147 96
20150122 152 94
20150123 159 91
20150124 159 96
20150125 162 98
20150126 165 98
20150127 168 98
20150128 169 98
20150129 170 93
20150130 175 94
20150131 172 93
20150201 170 90
20150202 167 87
20150203 168 87
20150204 168 88
20150205 166 88
20150206 166 89
20150207 171 91
20150208 168 94
20150209 162 98
20150210 163 99
20150211 163 97
20150212 160 119
20150213 162 115
20150214 164 115
20150215 169 117
20150216 171 130
20150217 174 128
20150218 173 124
20150219 173 123
20150220 170 125
20150221 169 123
20150222 165 125
20150223 166 121
20150224 158 119
20150225 156 118
20150226 153 117
20150227 151 118
20150228 146 117
20150301 143 116
20150302 142 116
20150303 150 116
20150304 151 118
20150305 148 118
20150306 147 114
20150307 150 117
20150308 153 114
20150309 147 112
20150310 148 108
20150311 149 107
20150312 147 108
20150313 146 108
20150314 144 84
20150315 139 86
20150316 138 89
20150317 135 91
20150318 137 83
20150319 134 84
20150320 140 79
20150321 135 81
20150322 138 84
20150323 148 86
20150324 147 83
20150325 150 83
20150326 153 82
20150327 153 79
20150328 149 78
20150329 147 75
20150330 149 80
20150331 150 80
20150401 153 79
20150402 147 79
20150403 148 76
20150404 147 75
20150405 143 76
20150406 142 77
20150407 138 84
20150408 139 88
20150409 139 87
20150410 139 84
20150411 139 82
20150412 141 90
20150413 141 91
20150414 150 91
20150415 149 88
20150416 149 85
20150417 153 85
20150418 154 83
20150419 148 85
20150420 154 84
20150421 156 79
20150422 145 75
20150423 145 80
20150424 144 83
20150425 142 86
20150426 145 95
20150427 148 98
20150428 149 97
20150429 156 93
20150430 160 98
20150501 162 98
20150502 162 100
20150503 165 101
20150504 164 105
20150505 169 107
20150506 170 108
20150507 171 102
20150508 171 97
20150509 169 97
20150510 168 101
20150511 172 106
20150512 174 96
20150513 173 103
20150514 168 101
20150515 167 104
20150516 166 103
20150517 161 99
20150518 163 107
20150519 164 106
20150520 160 107
20150521 156 107
20150522 156 107
20150523 154 101
20150524 153 100
20150525 154 101
20150526 153 97
20150527 155 93
20150528 155 95
20150529 148 95
20150530 143 89
20150531 141 94
20150601 143 96
20150602 141 96
20150603 139 92
20150604 137 90
20150605 142 85
20150606 138 86
20150607 142 88
20150608 143 90
20150609 146 88
20150610 142 83
20150611 137 86
20150612 140 80
20150613 140 80
20150614 141 77
20150615 141 79
20150616 142 82
20150617 143 77
20150618 144 78
20150619 142 77
20150620 144 81
20150621 146 84
20150622 148 88
20150623 150 85
20150624 151 81
20150625 150 79
20150626 145 83
20150627 143 84
20150628 148 87
20150629 151 91
20150630 151 94
20150701 150 92
20150702 152 91
20150703 154 91
20150704 154 107
20150705 146 107
20150706 150 106
20150707 147 104
20150708 147 102
20150709 145 100
20150710 148 100
20150711 150 97
20150712 148 94
20150713 148 94
20150714 146 92
20150715 144 91
20150716 144 89
20150717 139 87
20150718 138 84
20150719 136 82
20150720 130 78
20150721 131 74
20150722 131 71
20150723 125 72
20150724 123 73
20150725 120 71
20150726 118 71
20150727 121 68
20150728 116 66
20150729 113 63
20150730 110 57
20150731 114 56
20150801 112 56
20150802 109 54
20150803 105 36
20150804 107 35
20150805 104 33
20150806 106 33
20150807 109 33
20150808 105 35
20150809 103 36
20150810 104 37
20150811 102 39
20150812 102 42
20150813 106 49
20150814 107 47
20150815 107 45
20150816 110 45
20150817 111 45
20150818 111 49
20150819 114 50
20150820 115 55
20150821 119 59
20150822 125 66
20150823 129 66
20150824 133 66
20150825 136 62
20150826 133 67
20150827 137 67
20150828 135 68
20150829 137 66
20150830 131 67
20150831 132 68
20150901 137 71
20150902 140 75
20150903 137 76
20150904 141 78
20150905 137 80
20150906 130 81
20150907 134 81
20150908 136 84
20150909 139 105
20150910 140 105
20150911 138 102
20150912 134 97
20150913 136 100
20150914 138 103
20150915 139 104
20150916 139 104
20150917 142 101
20150918 140 101
20150919 135 98
20150920 132 96
20150921 128 89
20150922 124 89
20150923 124 92
20150924 127 95
20150925 131 92
20150926 126 91
20150927 128 91
20150928 130 95
20150929 132 94
20150930 129 96
20151001 129 93
20151002 127 92
20151003 129 92
20151004 124 92
20151005 129 92
20151006 139 92
20151007 137 93
20151008 138 89
20151009 135 67
20151010 136 67
20151011 136 70
20151012 136 69
20151013 135 66
20151014 130 63
20151015 130 61
20151016 127 61
20151017 122 62
20151018 125 60
20151019 129 65
20151020 126 64
20151021 127 67
20151022 132 67
20151023 133 64
20151024 131 62
20151025 127 63
20151026 127 64
20151027 127 64
20151028 127 62
20151029 128 61
20151030 129 61
20151031 128 64
20151101 130 62
20151102 129 61
20151103 131 63
20151104 127 61
20151105 119 61
20151106 120 61
20151107 120 65
20151108 121 65
20151109 118 63
20151110 116 59
20151111 116 61
20151112 117 63
20151113 119 63
20151114 118 68
20151115 115 74
20151116 123 74
20151117 125 75
20151118 124 72
20151119 124 71
20151120 125 69
20151121 127 68
20151122 125 75
20151123 128 87
20151124 130 85
20151125 131 86
20151126 130 86
20151127 132 86
20151128 134 90
20151129 136 92
20151130 138 92
20151201 137 91
20151202 137 90
20151203 137 90
20151204 139 91
20151205 139 92
20151206 138 93
20151207 135 90
20151208 135 90
20151209 134 95
20151210 138 96
20151211 136 95
20151212 136 94
20151213 138 96
20151214 139 92
20151215 143 86
20151216 138 89
20151217 135 91
20151218 134 89
20151219 135 90
20151220 131 88
20151221 124 93
20151222 124 88
20151223 120 87
20151224 116 148
20151225 116 234
20151226 119 249
20151227 115 259
20151228 114 272
20151229 112 273
20151230 110 272
20151231 107 278
20160101 105 285
20160102 111 287
20160103 113 288
20160104 114 291
20160105 122 289
20160106 123 291
20160107 118 292
20160108 124 291
20160109 123 297
20160110 124 299
20160111 124 298
20160112 121 299
20160113 122 301
20160114 121 305
20160115 123 301
20160116 122 299
20160117 122 302
20160118 120 304
20160119 126 309
20160120 128 306
20160121 128 306
20160122 129 297
20160123 131 248
20160124 133 161
20160125 129 146
20160126 131 135
20160127 130 118
20160128 128 116
20160129 126 116
20160130 128 113
20160131 135 117
20160201 137 112
20160202 138 133
20160203 139 139
20160204 138 144
20160205 138 147
20160206 138 152
20160207 144 153
20160208 145 152
20160209 147 152
20160210 148 157
20160211 149 156
20160212 149 153
20160213 149 151
20160214 154 156
20160215 164 159
20160216 169 157
20160217 178 155
20160218 179 154
20160219 177 157
20160220 179 156
20160221 179 174
20160222 186 193
20160223 187 204
20160224 194 209
20160225 192 209
20160226 197 222
20160227 201 248
20160228 203 257
20160229 213 259
20160301 214 254
20160302 206 254
20160303 205 257
20160304 204 246
20160305 198 240
20160306 200 234
20160307 203 229
20160308 199 227
20160309 202 226
20160310 206 224
20160311 209 219
20160312 209 218
20160313 205 221
20160314 209 222
20160315 206 219
20160316 198 219
20160317 197 218
20160318 190 226
20160319 186 223
20160320 189 218
20160321 188 219
20160322 191 199
20160323 186 170
20160324 184 166
20160325 178 163
20160326 178 164
20160327 172 151
20160328 171 126
20160329 174 117
20160330 170 114
20160331 170 110
20160401 170 113
20160402 168 88
20160403 171 88
20160404 176 98
20160405 172 103
20160406 171 102
20160407 167 106
20160408 164 100
20160409 163 106
20160410 160 109
20160411 157 109
20160412 158 105
20160413 155 103
20160414 153 105
20160415 151 101
20160416 145 103
20160417 141 95
20160418 141 94
20160419 138 95
20160420 134 95
20160421 135 96
20160422 133 96
20160423 137 91
20160424 144 89
20160425 147 88
20160426 145 106
20160427 144 120
20160428 140 154
20160429 138 185
20160430 133 195
20160501 135 194
20160502 140 197
20160503 138 203
20160504 140 195
20160505 145 193
20160506 149 193
20160507 146 190
20160508 148 193
20160509 148 187
20160510 149 186
20160511 150 185
20160512 151 186
20160513 152 188
20160514 149 184
20160515 148 189
20160516 152 190
20160517 154 189
20160518 162 192
20160519 162 192
20160520 163 193
20160521 161 195
20160522 160 195
20160523 156 197
20160524 153 203
20160525 152 211
20160526 154 201
20160527 156 183
20160528 157 149
20160529 157 118
20160530 161 114
20160531 159 117
20160601 156 117
20160602 157 115
20160603 153 118
20160604 147 122
20160605 145 124
20160606 151 130
20160607 147 137
20160608 150 146
20160609 146 147
20160610 148 150
20160611 146 152
20160612 151 155
20160613 155 163
20160614 154 162
20160615 151 159
20160616 151 159
20160617 146 158
20160618 150 159
20160619 153 155
20160620 151 158
20160621 154 157
20160622 159 155
20160623 156 149
20160624 154 150
20160625 153 152
20160626 148 155
20160627 150 156
20160628 149 155
20160629 145 156
20160630 142 151
20160701 136 149
20160702 133 152
20160703 130 149
20160704 130 143
20160705 128 143
20160706 126 138
20160707 125 138
20160708 124 132
20160709 128 137
20160710 129 140
20160711 134 137
20160712 129 138
20160713 131 134
20160714 137 131
20160715 140 132
20160716 144 134
20160717 142 131
20160718 140 133
20160719 134 139
20160720 141 134
20160721 141 135
20160722 134 133
20160723 133 133
20160724 131 128
20160725 132 120
20160726 135 121
20160727 135 124
20160728 135 125
20160729 137 119
20160730 140 118
20160731 142 118
20160801 145 115
20160802 144 113
20160803 144 118
20160804 146 116
20160805 146 115
20160806 144 107
20160807 141 106
20160808 137 105
20160809 134 98
20160810 130 103
20160811 132 101
20160812 125 97
20160813 119 106
20160814 117 103
20160815 119 104
20160816 118 107
20160817 118 107
20160818 119 104
20160819 111 103
20160820 111 104
20160821 113 106
20160822 114 108
20160823 117 111
20160824 118 110
20160825 116 108
20160826 116 103
20160827 114 103
20160828 112 102
20160829 109 106
20160830 110 104
20160831 106 105
20160901 105 105
20160902 105 100
20160903 102 100
20160904 100 97
20160905 103 96
20160906 104 99
20160907 104 96
20160908 106 97
20160909 103 96
20160910 99 93
20160911 105 96
20160912 111 87
20160913 113 92
20160914 109 95
20160915 106 93
20160916 104 89
20160917 104 87
20160918 105 87
20160919 108 86
20160920 114 84
20160921 124 83
20160922 125 76
20160923 126 75
20160924 127 75
20160925 128 77
20160926 129 75
20160927 129 74
20160928 132 71
20160929 131 75
20160930 132 70
20161001 140 69
20161002 141 71
20161003 144 74
20161004 154 75
20161005 155 76
20161006 150 70
20161007 153 73
20161008 154 76
20161009 160 73
20161010 163 72
20161011 159 71
20161012 159 71
20161013 155 67
20161014 155 65
20161015 159 71
20161016 165 73
20161017 171 74
20161018 177 80
20161019 174 79
20161020 169 82
20161021 169 82
20161022 168 86
20161023 170 88
20161024 173 87
20161025 171 90
20161026 170 91
20161027 169 92
20161028 169 95
20161029 168 91
20161030 172 92
20161031 168 92
20161101 171 89
20161102 171 91
20161103 163 94
20161104 164 96
20161105 165 99
20161106 163 93
20161107 163 90
20161108 162 90
20161109 160 92
20161110 162 91
20161111 158 92
20161112 157 95
20161113 159 91
20161114 155 87
20161115 152 85
20161116 150 90
20161117 141 84
20161118 139 83
20161119 135 84
20161120 126 85
20161121 128 80
20161122 128 78
20161123 129 83
20161124 131 80
20161125 131 79
20161126 132 83
20161127 132 85
20161128 135 89
20161129 138 91
20161130 142 100
20161201 139 102
20161202 142 310
20161203 140 305
20161204 144 303
20161205 147 310
20161206 146 407
20161207 145 408
20161208 142 407
20161209 144 413
20161210 146 414
20161211 156 420
20161212 161 418
20161213 163 418
20161214 163 416
20161215 163 418
20161216 160 412
20161217 163 415
20161218 164 418
20161219 165 414
20161220 164 413
20161221 160 413
20161222 154 416
20161223 148 416
20161224 148 414
20161225 148 417
20161226 150 412
20161227 148 408
20161228 147 406
20161229 141 405
20161230 135 397
20161231 134 396
20170101 129 183
20170102 137 185
20170103 132 187
20170104 133 179
20170105 134 87
20170106 135 87
20170107 137 92
20170108 136 84
20170109 133 83
20170110 122 79
20170111 120 79
20170112 115 80
20170113 121 85
20170114 119 83
20170115 118 84
20170116 118 83
20170117 121 82
20170118 124 83
20170119 125 80
20170120 125 81
20170121 127 78
20170122 125 72
20170123 119 83
20170124 121 104
20170125 126 139
20170126 131 143
20170127 131 143
20170128 131 146
20170129 132 147
20170130 137 150
20170131 141 151
20170201 136 152
20170202 136 154
20170203 132 152
20170204 130 147
20170205 131 147
20170206 128 146
20170207 131 148
20170208 130 153
20170209 140 153
20170210 143 156
20170211 143 154
20170212 138 148
20170213 141 149
20170214 149 152
20170215 150 152
20170216 152 160
20170217 154 168
20170218 153 172
20170219 156 176
20170220 157 184
20170221 163 185
20170222 166 176
20170223 167 160
20170224 167 131
20170225 163 132
20170226 162 134
20170227 162 135
20170228 163 141
20170301 161 142
20170302 157 142
20170303 162 142
20170304 161 138
20170305 164 143
20170306 165 144
20170307 164 148
20170308 166 146
20170309 161 150
20170310 163 146
20170311 156 144
20170312 155 145
20170313 159 148
20170314 159 148
20170315 159 147
20170316 155 144
20170317 150 142
20170318 145 132
20170319 141 121
20170320 146 118
20170321 142 113
20170322 138 107
20170323 134 113
20170324 137 123
20170325 133 118
20170326 123 112
20170327 124 105
20170328 123 103
20170329 126 105
20170330 124 97
20170331 123 101
20170401 125 102
20170402 117 102
20170403 115 102
20170404 114 97
20170405 112 97
20170406 110 91
20170407 108 95
20170408 111 89
20170409 114 89
20170410 111 91
20170411 109 88
20170412 107 86
20170413 108 92
20170414 104 94
20170415 106 94
20170416 112 95
20170417 110 96
20170418 109 97
20170419 103 100
20170420 104 103
20170421 108 107
20170422 114 101
20170423 113 89
20170424 119 92
20170425 125 94
20170426 124 96
20170427 126 96
20170428 121 88
20170429 121 89
20170430 117 84
20170501 116 83
20170502 116 83
20170503 116 87
20170504 115 91
20170505 115 92
20170506 113 95
20170507 114 91
20170508 115 93
20170509 110 91
20170510 111 91
20170511 109 89
20170512 108 89
20170513 112 85
20170514 118 85
20170515 114 84
20170516 114 86
20170517 117 85
20170518 122 89
20170519 127 95
20170520 127 97
20170521 126 91
20170522 124 93
20170523 124 94
20170524 119 90
20170525 114 87
20170526 117 91
20170527 117 91
20170528 122 95
20170529 123 96
20170530 127 97
20170531 128 99
20170601 130 103
20170602 134 99
20170603 133 100
20170604 138 103
20170605 146 100
20170606 145 101
20170607 145 98
20170608 144 101
20170609 143 98
20170610 143 100
20170611 142 102
20170612 142 106
20170613 136 107
20170614 139 108
20170615 135 108
20170616 135 109
20170617 134 105
20170618 129 97
20170619 128 97
20170620 124 101
20170621 122 100
20170622 118 99
20170623 118 97
20170624 119 100
20170625 117 95
20170626 117 95
20170627 115 93
20170628 115 92
20170629 118 87
20170630 115 86
20170701 112 85
20170702 106 90
20170703 108 86
20170704 105 84
20170705 103 86
20170706 106 88
20170707 103 90
20170708 110 89
20170709 110 89
20170710 114 87
20170711 115 86
20170712 115 84
20170713 114 86
20170714 110 87
20170715 116 89
20170716 112 92
20170717 110 95
20170718 114 96
20170719 118 93
20170720 122 99
20170721 118 100
20170722 119 100
20170723 120 106
20170724 122 107
20170725 127 108
20170726 128 107
20170727 128 109
20170728 125 108
20170729 119 110
20170730 122 107
20170731 121 107
20170801 128 100
20170802 127 100
20170803 130 105
20170804 133 109
20170805 138 106
20170806 143 109
20170807 143 108
20170808 144 108
20170809 140 109
20170810 139 109
20170811 137 110
20170812 139 108
20170813 143 108
20170814 136 109
20170815 143 109
20170816 144 111
20170817 142 111
20170818 139 111
20170819 137 102
20170820 141 106
20170821 142 109
20170822 146 105
20170823 149 103
20170824 145 107
20170825 143 110
20170826 144 111
20170827 146 111
20170828 151 113
20170829 150 119
20170830 152 117
20170831 150 119
20170901 149 123
20170902 146 114
20170903 140 109
20170904 139 111
20170905 133 106
20170906 126 111
20170907 126 111
20170908 128 111
20170909 129 109
20170910 129 107
20170911 132 108
20170912 132 111
20170913 137 105
20170914 134 103
20170915 130 101
20170916 128 99
20170917 131 105
20170918 141 106
20170919 143 105
20170920 146 106
20170921 146 106
20170922 142 108
20170923 143 104
20170924 144 112
20170925 145 113
20170926 145 114
20170927 150 111
20170928 150 112
20170929 155 116
20170930 152 120
20171001 151 118
20171002 152 118
20171003 152 120
20171004 150 118
20171005 149 121
20171006 150 120
20171007 150 129
20171008 149 135
20171009 149 139
20171010 149 140
20171011 148 137
20171012 150 134
20171013 152 136
20171014 155 139
20171015 160 143
20171016 168 150
20171017 171 145
20171018 165 145
20171019 166 150
20171020 167 149
20171021 166 150
20171022 168 149
20171023 168 150
20171024 170 140
20171025 170 136
20171026 174 142
20171027 169 141
20171028 171 136
20171029 170 138
20171030 175 135
20171031 176 137
20171101 181 142
20171102 180 146
20171103 179 148
20171104 180 153
20171105 182 154
20171106 192 147
20171107 197 140
20171108 200 145
20171109 202 143
20171110 199 147
20171111 195 146
20171112 191 148
20171113 188 145
20171114 183 140
20171115 177 133
20171116 177 136
20171117 177 136
20171118 175 124
20171119 172 126
20171120 168 131
20171121 168 130
20171122 167 132
20171123 165 132
20171124 163 131
20171125 158 130
20171126 157 131
20171127 155 142
20171128 151 133
20171129 147 138
20171130 146 135
20171201 141 135
20171202 141 138
20171203 138 140
20171204 142 132
20171205 144 132
20171206 134 136
20171207 134 138
20171208 130 134
20171209 128 137
20171210 129 137
20171211 132 138
20171212 133 136
20171213 134 141
20171214 137 141
20171215 137 148
20171216 135 143
20171217 132 143
20171218 130 147
20171219 128 145
20171220 129 142
20171221 131 145
20171222 129 143
20171223 128 140
20171224 130 143
20171225 130 137
20171226 128 138
20171227 130 128
20171228 131 130
20171229 131 122
20171230 132 121
20171231 133 118
20180101 135 113
20180102 136 110
20180103 136 112
20180104 135 110
20180105 135 109
20180106 133 112
20180107 131 109
20180108 132 106
20180109 138 103
20180110 141 104
20180111 142 102
20180112 140 94
20180113 136 92
20180114 135 88
20180115 133 89
20180116 133 86
20180117 132 85
20180118 134 85
20180119 134 84
20180120 130 79
20180121 131 76
20180122 141 77
20180123 139 75
20180124 141 76
20180125 143 80
20180126 142 80
20180127 139 82
20180128 137 84
20180129 139 92
20180130 139 90
20180131 140 88
20180201 141 90
20180202 137 95
20180203 132 95
20180204 135 90
20180205 130 86
20180206 134 88
20180207 130 89
20180208 125 93
20180209 116 96
20180210 112 97
20180211 111 110
20180212 114 110
20180213 115 110
20180214 116 109
20180215 118 113
20180216 122 116
20180217 121 113
20180218 125 111
20180219 130 113
20180220 138 116
20180221 129 116
20180222 127 117
20180223 125 115
20180224 122 108
20180225 117 107
20180226 121 106
20180227 129 106
20180228 127 100
20180301 128 106
20180302 126 105
20180303 125 104
20180304 127 100
20180305 128 97
20180306 129 100
20180307 132 100
20180308 130 96
20180309 131 101
20180310 129 96
20180311 129 90
20180312 131 92
20180313 134 80
20180314 135 81
20180315 132 79
20180316 128 80
20180317 123 78
20180318 118 79
20180319 119 81
20180320 117 86
20180321 111 84
20180322 106 83
20180323 104 84
20180324 103 84
20180325 104 87
20180326 107 88
20180327 113 86
20180328 109 83
20180329 104 86
20180330 104 85
20180331 99 80
20180401 95 81
20180402 97 79
20180403 102 81
20180404 105 79
20180405 100 77
20180406 99 76
20180407 97 77
20180408 100 70
20180409 102 69
20180410 104 81
20180411 104 131
20180412 104 152
20180413 104 160
20180414 105 186
20180415 105 190
20180416 109 204
20180417 117 202
20180418 120 202
20180419 116 198
20180420 115 199
20180421 110 201
20180422 112 201
20180423 115 200
20180424 114 199
20180425 110 200
20180426 111 203
20180427 114 202
20180428 113 197
20180429 114 195
20180430 118 194
20180501 121 193
20180502 121 194
20180503 119 194
20180504 115 195
20180505 115 196
20180506 114 195
20180507 115 195
20180508 113 197
20180509 110 200
20180510 120 187
20180511 117 134
20180512 112 113
20180513 110 107
20180514 113 82
20180515 115 78
20180516 115 65
20180517 107 63
20180518 105 65
20180519 108 64
20180520 111 65
20180521 112 66
20180522 118 71
20180523 119 75
20180524 124 75
20180525 127 73
20180526 122 73
20180527 120 74
20180528 125 78
20180529 128 78
20180530 133 80
20180531 133 86
20180601 131 83
20180602 128 93
20180603 133 96
20180604 139 106
20180605 142 111
20180606 146 113
20180607 147 116
20180608 154 112
20180609 142 113
20180610 142 114
20180611 144 116
20180612 147 117
20180613 147 120
20180614 147 123
20180615 148 120
20180616 156 129
20180617 151 127
20180618 152 127
20180619 151 128
20180620 154 128
20180621 151 125
20180622 148 122
20180623 146 122
20180624 143 126
20180625 144 125
20180626 147 126
20180627 142 123
20180628 137 125
20180629 133 128
20180630 134 120
20180701 132 121
20180702 137 106
20180703 132 104
20180704 127 91
20180705 125 91
20180706 121 93
20180707 122 89
20180708 117 96
20180709 119 101
20180710 119 100
20180711 118 100
20180712 113 96
20180713 115 92
20180714 112 88
20180715 108 92
20180716 104 85
20180717 106 82
20180718 105 81
20180719 107 80
20180720 105 80
20180721 102 79
20180722 100 77
20180723 97 77
20180724 98 75
20180725 97 73
20180726 99 74
20180727 99 77
20180728 98 79
20180729 93 76
20180730 96 79
20180731 101 81
20180801 93 85
20180802 95 89
20180803 99 90
20180804 97 85
20180805 96 81
20180806 93 87
20180807 94 83
20180808 95 81
20180809 97 84
20180810 98 88
20180811 100 93
20180812 94 92
20180813 95 94
20180814 98 90
20180815 98 87
20180816 99 88
20180817 96 88
20180818 94 87
20180819 92 82
20180820 92 83
20180821 92 83
20180822 95 83
20180823 99 86
20180824 99 88
20180825 93 87
20180826 93 91
20180827 94 94
20180828 97 94
20180829 91 97
20180830 88 94
20180831 89 91
20180901 88 90
20180902 85 89
20180903 87 97
20180904 89 96
20180905 90 90
20180906 89 89
20180907 88 86
20180908 85 85
20180909 85 86
20180910 86 81
20180911 87 81
20180912 94 80
20180913 94 81
20180914 91 82
20180915 89 85
20180916 92 85
20180917 93 87
20180918 95 95
20180919 92 91
20180920 93 95
20180921 96 93
20180922 93 88
20180923 92 87
20180924 97 85
20180925 97 79
20180926 96 73
20180927 98 75
20180928 98 70
20180929 97 73
20180930 100 73
20181001 104 70
20181002 103 72
20181003 105 66
20181004 103 66
20181005 103 64
20181006 102 64
20181007 108 68
20181008 116 69
20181009 114 64
20181010 115 63
20181011 119 66
20181012 113 65
20181013 112 66
20181014 112 67
20181015 115 67
20181016 114 67
20181017 115 69
20181018 116 63
20181019 118 64
20181020 118 59
20181021 112 61
20181022 114 62
20181023 116 61
20181024 114 64
20181025 118 67
20181026 124 68
20181027 123 64
20181028 127 63
20181029 129 61
20181030 129 61
20181031 124 63
20181101 127 68
20181102 127 67
20181103 127 68
20181104 129 69
20181105 134 67
20181106 127 66
20181107 121 66
20181108 125 65
20181109 121 68
20181110 119 66
20181111 120 66
20181112 118 66
20181113 121 66
20181114 122 62
20181115 123 61
20181116 118 57
20181117 116 57
20181118 116 59
20181119 118 66
20181120 121 67
20181121 120 74
20181122 118 79
20181123 116 79
20181124 113 75
20181125 110 74
20181126 109 78
20181127 110 81
20181128 108 84
20181129 107 85
20181130 107 83
20181201 106 76
20181202 106 77
20181203 108 76
20181204 104 76
20181205 100 78
20181206 103 80
20181207 107 77
20181208 104 78
20181209 110 81
20181210 108 81
20181211 107 81
20181212 107 83
20181213 108 81
20181214 114 83
20181215 110 84
20181216 113 85
20181217 113 87
20181218 115 91
20181219 115 89
20181220 111 89
20181221 114 84
20181222 113 81
20181223 118 78
20181224 115 80
20181225 115 79
20181226 114 77
20181227 110 75
20181228 108 74
20181229 105 74
20181230 108 74
20181231 105 75
20190101 104 75
20190102 102 79
20190103 102 85
20190104 103 85
20190105 102 81
20190106 100 83
20190107 100 152
20190108 96 153
20190109 98 153
20190110 100 155
20190111 102 153
20190112 99 152
20190113 89 150
20190114 96 152
20190115 97 154
20190116 108 155
20190117 105 150
20190118 104 146
20190119 106 143
20190120 102 143
20190121 104 142
20190122 99 145
20190123 102 146
20190124 100 148
20190125 100 145
20190126 99 145
20190127 105 145
20190128 106 146
20190129 109 145
20190130 109 147
20190131 107 148
20190201 111 144
20190202 116 141
20190203 116 141
20190204 121 140
20190205 124 140
20190206 127 74
20190207 128 70
20190208 128 68
20190209 128 67
20190210 131 67
20190211 130 67
20190212 134 69
20190213 128 68
20190214 131 67
20190215 120 64
20190216 122 63
20190217 123 65
20190218 127 68
20190219 131 67
20190220 134 67
20190221 135 67
20190222 137 64
20190223 137 64
20190224 137 65
20190225 140 65
20190226 143 64
20190227 144 65
20190228 140 67
20190301 139 69
20190302 140 67
20190303 138 68
20190304 134 65
20190305 137 64
20190306 131 68
20190307 126 67
20190308 125 66
20190309 125 64
20190310 125 66
20190311 124 64
20190312 121 63
20190313 123 63
20190314 121 63
20190315 124 62
20190316 118 62
20190317 117 60
20190318 119 63
20190319 119 63
20190320 112 64
20190321 109 66
20190322 110 66
20190323 110 66
20190324 111 71
20190325 115 69
20190326 117 69
20190327 120 72
20190328 111 76
20190329 108 73
20190330 109 73
20190331 112 80
20190401 115 82
20190402 115 86
20190403 119 89
20190404 121 94
20190405 127 97
20190406 128 97
20190407 129 92
20190408 127 101
20190409 129 103
20190410 128 108
20190411 133 110
20190412 134 112
20190413 135 114
20190414 138 119
20190415 141 120
20190416 140 126
20190417 135 125
20190418 132 129
20190419 140 135
20190420 140 134
20190421 145 139
20190422 147 136
20190423 149 132
20190424 152 134
20190425 150 134
20190426 147 132
20190427 156 129
20190428 161 130
20190429 163 130
20190430 168 120
20190501 165 119
20190502 164 121
20190503 160 120
20190504 155 119
20190505 153 114
20190506 156 118
20190507 153 122
20190508 154 118
20190509 154 114
20190510 156 113
20190511 150 117
20190512 149 139
20190513 148 144
20190514 146 141
20190515 144 145
20190516 146 142
20190517 152 140
20190518 153 136
20190519 151 134
20190520 150 135
20190521 142 130
20190522 139 132
20190523 135 130
20190524 129 129
20190525 130 129
20190526 130 130
20190527 124 131
20190528 125 131
20190529 122 131
20190530 118 132
20190531 127 142
20190601 125 137
20190602 126 139
20190603 127 138
20190604 125 142
20190605 123 138
20190606 125 140
20190607 126 139
20190608 123 152
20190609 124 149
20190610 128 143
20190611 132 127
20190612 132 123
20190613 133 125
20190614 136 123
20190615 141 122
20190616 141 124
20190617 144 129
20190618 142 124
20190619 146 123
20190620 151 128
20190621 153 140
20190622 152 161
20190623 153 178
20190624 163 215
20190625 164 234
20190626 166 270
20190627 164 277
20190628 170 280
20190629 173 284
20190630 166 272
20190701 173 275
20190702 174 272
20190703 175 273
20190704 177 278
20190705 177 289
20190706 182 287
20190707 182 296
20190708 185 313
20190709 185 323
20190710 188 335
20190711 192 348
20190712 194 363
20190713 189 381
20190714 193 396
20190715 191 400
20190716 191 402
20190717 191 402
20190718 193 406
20190719 191 406
20190720 189 411
20190721 185 402
20190722 187 386
20190723 186 368
20190724 176 347
20190725 172 342
20190726 167 325
20190727 164 334
20190728 161 344
20190729 158 341
20190730 162 345
20190731 159 367
20190801 160 389
20190802 155 413
20190803 152 408
20190804 153 399
20190805 149 401
20190806 148 393
20190807 145 368
20190808 146 361
20190809 140 350
20190810 130 334
20190811 127 316
20190812 127 297
20190813 121 301
20190814 119 313
20190815 116 318
20190816 119 334
20190817 114 340
20190818 111 342
20190819 108 346
20190820 115 358
20190821 115 379
20190822 119 385
20190823 125 375
20190824 128 363
20190825 135 348
20190826 137 336
20190827 134 327
20190828 134 329
20190829 130 327
20190830 133 301
20190831 132 281
20190901 134 255
20190902 133 249
20190903 129 249
20190904 124 248
20190905 123 246
20190906 126 244
20190907 124 245
20190908 122 246
20190909 124 241
20190910 124 241
20190911 124 243
20190912 125 229
20190913 123 218
20190914 119 224
20190915 113 210
20190916 120 201
20190917 121 200
20190918 122 187
20190919 121 187
20190920 117 165
20190921 115 171
20190922 109 203
20190923 107 210
20190924 105 220
20190925 102 247
20190926 109 256
20190927 104 292
20190928 105 359
20190929 103 379
20190930 102 406
20191001 103 419
20191002 108 434
20191003 109 436
20191004 116 437
20191005 118 448
20191006 117 458
20191007 119 483
20191008 126 498
20191009 127 513
20191010 127 525
20191011 129 551
20191012 125 594
20191013 126 612
20191014 131 599
20191015 136 596
20191016 134 596
20191017 141 602
20191018 149 607
20191019 147 603
20191020 152 605
20191021 154 603
20191022 154 569
20191023 163 563
20191024 164 552
20191025 168 522
20191026 160 509
20191027 166 484
20191028 167 422
20191029 167 432
20191030 166 418
20191031 169 430
20191101 169 423
20191102 175 425
20191103 173 424
20191104 172 415
20191105 173 411
20191106 174 391
20191107 169 382
20191108 170 372
20191109 176 366
20191110 174 339
20191111 176 287
20191112 181 280
20191113 183 284
20191114 181 284
20191115 180 294
20191116 174 294
20191117 165 291
20191118 164 281
20191119 162 281
20191120 164 279
20191121 169 278
20191122 161 281
20191123 162 274
20191124 158 276
20191125 165 282
20191126 168 270
20191127 166 266
20191128 166 243
20191129 169 230
20191130 162 205
20191201 157 196
20191202 155 189
20191203 155 196
20191204 157 193
20191205 154 184
20191206 151 180
20191207 150 173
20191208 151 168
20191209 146 166
20191210 146 162
20191211 147 162
20191212 145 150
20191213 144 144
20191214 143 151
20191215 141 142
20191216 142 133
20191217 145 130
20191218 146 128
20191219 143 122
20191220 139 117
20191221 134 115
20191222 135 107
20191223 135 112
20191224 142 112
20191225 134 105
20191226 130 103
20191227 127 102
20191228 129 97
20191229 128 103
20191230 137 100
20191231 136 104
20200101 133 105
20200102 135 94
20200103 133 95
20200104 136 95
20200105 138 95
20200106 142 99
20200107 139 101
20200108 141 97
20200109 144 102
20200110 146 101
20200111 142 96
20200112 140 97
20200113 142 98
20200114 145 102
20200115 145 118
20200116 141 124
20200117 138 131
20200118 144 133
20200119 144 136
20200120 143 140
20200121 142 155
20200122 143 156
20200123 143 153
20200124 145 155
20200125 147 154
20200126 150 154
20200127 145 151
20200128 143 143
20200129 141 146
20200130 144 148
20200131 145 146
20200201 141 146
20200202 142 145
20200203 137 145
20200204 135 142
20200205 132 138
20200206 132 137
20200207 132 136
20200208 130 133
20200209 129 137
20200210 135 139
20200211 136 139
20200212 132 126
20200213 128 119
20200214 129 102
20200215 130 98
20200216 132 91
20200217 127 92
20200218 130 88
20200219 129 90
20200220 132 77
20200221 131 72
20200222 125 72
20200223 123 70
20200224 117 70
20200225 122 73
20200226 123 75
20200227 122 82
20200228 120 83
20200229 116 81
20200301 116 82
20200302 115 87
20200303 119 85
20200304 128 91
20200305 129 88
20200306 132 89
20200307 136 91
20200308 134 92
20200309 137 90
20200310 136 86
20200311 129 87
20200312 127 92
20200313 131 94
20200314 131 94
20200315 127 95
20200316 128 94
20200317 132 96
20200318 135 94
20200319 131 93
20200320 135 85
20200321 130 86
20200322 126 88
20200323 128 88
20200324 130 88
20200325 137 87
20200326 131 83
20200327 131 82
20200328 132 77
20200329 129 73
20200330 134 72
20200331 138 72
20200401 138 71
20200402 131 76
20200403 128 72
20200404 129 72
20200405 124 72
20200406 118 70
20200407 116 69
20200408 115 70
20200409 118 71
20200410 120 68
20200411 120 70
20200412 120 75
20200413 125 77
20200414 129 82
20200415 130 93
20200416 132 93
20200417 131 96
20200418 135 95
20200419 132 95
20200420 138 92
20200421 137 90
20200422 144 90
20200423 147 95
20200424 150 97
20200425 155 100
20200426 160 104
20200427 166 102
20200428 174 103
20200429 175 105
20200430 173 110
20200501 182 110
20200502 186 113
20200503 185 114
20200504 186 118
20200505 192 120
20200506 198 122
20200507 202 124
20200508 198 124
20200509 197 125
20200510 195 126
20200511 196 120
20200512 196 116
20200513 197 116
20200514 196 112
20200515 194 100
20200516 194 101
20200517 201 101
20200518 199 104
20200519 204 109
20200520 204 112
20200521 210 119
20200522 204 125
20200523 205 126
20200524 199 126
20200525 198 124
20200526 197 123
20200527 189 124
20200528 185 124
20200529 182 121
20200530 180 116
20200531 174 114
20200601 174 109
20200602 171 108
20200603 171 107
20200604 168 106
20200605 165 103
20200606 165 108
20200607 170 106
20200608 169 107
20200609 169 106
20200610 171 104
20200611 171 101
20200612 165 98
20200613 165 98
20200614 173 98
20200615 169 96
20200616 163 92
20200617 161 94
20200618 156 96
20200619 154 93
20200620 153 89
20200621 156 84
20200622 152 79
20200623 151 78
20200624 147 78
20200625 144 77
20200626 146 76
20200627 143 77
20200628 145 77
20200629 147 79
20200630 147 80
20200701 147 77
20200702 145 76
20200703 139 77
20200704 142 74
20200705 139 74
20200706 140 67
20200707 140 68
20200708 142 64
20200709 142 63
20200710 145 65
20200711 145 66
20200712 147 65
20200713 142 64
20200714 136 65
20200715 136 66
20200716 138 75
20200717 136 80
20200718 135 85
20200719 139 89
20200720 134 89
20200721 129 91
20200722 126 92
20200723 131 97
20200724 132 99
20200725 139 98
20200726 138 102
20200727 137 107
20200728 137 107
20200729 137 107
20200730 136 106
20200731 133 110
20200801 142 120
20200802 153 128
20200803 151 153
20200804 155 172
20200805 150 187
20200806 145 190
20200807 143 209
20200808 149 223
20200809 144 254
20200810 142 292
20200811 141 347
20200812 152 363
20200813 158 379
20200814 159 384
20200815 155 388
20200816 157 393
20200817 162 407
20200818 162 419
20200819 163 442
20200820 167 463
20200821 172 474
20200822 166 478
20200823 172 502
20200824 168 539
20200825 174 558
20200826 177 559
20200827 175 563
20200828 175 563
20200829 175 567
20200830 178 568
20200831 178 567
20200901 170 563
20200902 172 550
20200903 169 538
20200904 176 533
20200905 186 536
20200906 186 531
20200907 185 524
20200908 189 502
20200909 190 471
20200910 196 421
20200911 190 411
20200912 185 410
20200913 192 416
20200914 196 418
20200915 198 403
20200916 196 389
20200917 197 383
20200918 199 391
20200919 201 374
20200920 201 371
20200921 203 370
20200922 200 344
20200923 195 311
20200924 195 296
20200925 197 294
20200926 200 299
20200927 199 302
20200928 201 303
20200929 204 311
20200930 202 346
20201001 203 342
20201002 202 333
20201003 203 329
20201004 198 321
20201005 190 334
20201006 194 326
20201007 193 326
20201008 191 320
20201009 195 326
20201010 194 324
20201011 195 330
20201012 204 326
20201013 197 320
20201014 194 323
20201015 198 337
20201016 201 339
20201017 193 333
20201018 193 305
20201019 194 301
20201020 196 294
20201021 200 302
20201022 209 303
20201023 217 304
20201024 214 305
20201025 218 325
20201026 222 332
20201027 223 331
20201028 223 328
20201029 229 320
20201030 232 285
20201031 237 294
20201101 235 302
20201102 235 309
20201103 240 311
20201104 243 299
20201105 243 300
20201106 244 294
20201107 244 292
20201108 241 287
20201109 243 299
20201110 242 289
20201111 237 284
20201112 237 277
20201113 242 268
20201114 244 257
20201115 241 258
20201116 252 255
20201117 253 265
20201118 247 263
20201119 245 261
20201120 242 244
20201121 226 243
20201122 222 259
20201123 223 262
20201124 223 241
20201125 216 233
20201126 214 234
20201127 212 239
20201128 205 238
20201129 200 241
20201130 195 234
20201201 198 234
20201202 199 243
20201203 192 240
20201204 194 236
20201205 189 252
20201206 192 267
20201207 191 284
20201208 194 292
20201209 191 282
20201210 194 290
20201211 192 296
20201212 190 302
20201213 183 305
20201214 176 305
20201215 180 298
20201216 172 297
20201217 169 281
20201218 166 284
20201219 165 288
20201220 169 293
20201221 172 296
20201222 170 275
20201223 172 267
20201224 162 264
20201225 167 260
20201226 164 261
20201227 165 255
20201228 161 258
20201229 165 251
20201230 166 249
20201231 166 243
20210101 163 230
20210102 169 234
20210103 172 234
20210104 177 213
20210105 172 202
20210106 173 185
20210107 168 169
20210108 163 167
20210109 162 168
20210110 164 167
20210111 169 171
20210112 178 160
20210113 179 158
20210114 177 151
20210115 177 153
20210116 182 152
20210117 189 165
20210118 193 192
20210119 184 205
20210120 183 214
20210121 184 226
20210122 184 224
20210123 188 225
20210124 185 223
20210125 190 227
20210126 190 245
20210127 191 253
20210128 187 263
20210129 188 265
20210130 183 268
20210131 189 268
20210201 189 271
20210202 180 280
20210203 175 289
20210204 181 300
20210205 186 301
20210206 188 313
20210207 193 317
20210208 189 312
20210209 185 303
20210210 181 294
20210211 173 297
20210212 174 300
20210213 174 303
20210214 176 301
20210215 177 312
20210216 179 298
20210217 177 268
20210218 183 252
20210219 185 240
20210220 184 227
20210221 181 240
20210222 184 240
20210223 182 249
20210224 188 245
20210225 191 231
20210226 194 219
20210227 196 210
20210228 193 224
20210301 200 218
20210302 196 218
20210303 199 216
20210304 211 208
20210305 211 205
20210306 210 190
20210307 208 191
20210308 205 179
20210309 201 178
20210310 217 183
20210311 220 188
20210312 225 194
20210313 230 192
20210314 231 189
20210315 233 190
20210316 232 206
20210317 228 198
20210318 226 199
20210319 226 196
20210320 226 196
20210321 228 196
20210322 233 199
20210323 233 184
20210324 231 187
20210325 235 179
20210326 234 174
20210327 229 174
20210328 228 174
20210329 226 169
20210330 228 149
20210331 227 146
20210401 228 139
20210402 221 139
20210403 210 140
20210404 211 136
20210405 207 139
20210406 202 136
20210407 202 135
20210408 201 135
20210409 189 125
20210410 186 121
20210411 181 119
20210412 173 119
20210413 171 123
20210414 168 119
20210415 174 105
20210416 173 105
20210417 173 104
20210418 182 111
20210419 180 118
20210420 176 123
20210421 170 121
20210422 169 123
20210423 170 120
20210424 166 118
20210425 160 122
20210426 170 118
20210427 173 118
20210428 170 122
20210429 170 127
20210430 168 137
20210501 172 147
20210502 175 149
20210503 182 148
20210504 184 158
20210505 182 160
20210506 186 159
20210507 189 168
20210508 190 168
20210509 193 174
20210510 190 182
20210511 196 188
20210512 200 196
20210513 200 193
20210514 202 195
20210515 197 201
20210516 198 201
20210517 194 208
20210518 187 205
20210519 186 199
20210520 191 194
20210521 192 193
20210522 198 192
20210523 198 195
20210524 198 206
20210525 199 212
20210526 197 224
20210527 191 233
20210528 196 249
20210529 193 262
20210530 196 265
20210531 190 268
20210601 192 272
20210602 185 278
20210603 183 268
20210604 185 274
20210605 180 275
20210606 179 267
20210607 179 266
20210608 173 260
20210609 171 247
20210610 163 242
20210611 158 242
20210612 153 245
20210613 156 255
20210614 153 257
20210615 153 257
20210616 157 246
20210617 156 242
20210618 155 245
20210619 152 243
20210620 155 249
20210621 147 263
20210622 144 261
20210623 149 259
20210624 148 257
20210625 138 249
20210626 136 239
20210627 130 218
20210628 132 200
20210629 133 200
20210630 135 205
20210701 129 196
20210702 130 188
20210703 129 187
20210704 129 182
20210705 130 196
20210706 131 203
20210707 128 208
20210708 126 207
20210709 131 210
20210710 131 204
20210711 134 196
20210712 136 207
20210713 127 220
20210714 128 221
20210715 129 227
20210716 126 238
20210717 123 254
20210718 123 262
20210719 131 280
20210720 129 282
20210721 134 274
20210722 137 283
20210723 135 275
20210724 135 266
20210725 140 261
20210726 142 262
20210727 144 267
20210728 143 272
20210729 139 268
20210730 139 264
20210731 140 261
20210801 143 261
20210802 145 268
20210803 147 266
20210804 153 261
20210805 155 255
20210806 158 247
20210807 164 247
20210808 160 251
20210809 164 260
20210810 167 272
20210811 177 273
20210812 176 262
20210813 177 260
20210814 174 264
20210815 173 263
20210816 172 247
20210817 171 237
20210818 163 229
20210819 163 231
20210820 159 233
20210821 162 232
20210822 158 237
20210823 154 242
20210824 161 255
20210825 164 265
20210826 165 268
20210827 169 265
20210828 168 274
20210829 173 272
20210830 178 279
20210831 178 285
20210901 181 286
20210902 182 295
20210903 174 291
20210904 171 299
20210905 181 302
20210906 185 322
20210907 196 317
20210908 194 318
20210909 191 307
20210910 190 296
20210911 193 294
20210912 196 289
20210913 199 280
20210914 200 270
20210915 202 280
20210916 204 288
20210917 210 283
20210918 211 288
20210919 218 288
20210920 215 291
20210921 219 292
20210922 225 297
20210923 225 295
20210924 227 301
20210925 227 299
20210926 227 309
20210927 234 297
20210928 229 293
20210929 231 291
20210930 230 288
20211001 237 287
20211002 240 280
20211003 246 282
20211004 250 280
20211005 246 278
20211006 240 263
20211007 234 265
20211008 235 258
20211009 237 264
20211010 229 273
20211011 232 269
20211012 228 270
20211013 228 272
20211014 232 276
20211015 232 267
20211016 235 263
20211017 229 267
20211018 234 261
20211019 230 257
20211020 229 250
20211021 229 255
20211022 233 252
20211023 229 252
20211024 231 239
20211025 235 234
20211026 236 229
20211027 230 228
20211028 229 228
20211029 229 229
20211030 229 231
20211031 222 223
20211101 217 218
20211102 215 215
20211103 216 225
20211104 211 231
20211105 212 243
20211106 214 254
20211107 220 265
20211108 225 262
20211109 237 256
20211110 239 257
20211111 248 254
20211112 247 265
20211113 245 274
20211114 256 277
20211115 258 273
20211116 262 271
20211117 257 271
20211118 258 270
20211119 262 266
20211120 261 261
20211121 257 258
20211122 251 249
20211123 249 249
20211124 242 249
20211125 242 244
20211126 243 241
20211127 245 234
20211128 242 247
20211129 244 253
20211130 247 271
20211201 248 275
20211202 249 285
20211203 243 288
20211204 248 294
20211205 258 285
20211206 258 278
20211207 256 266
20211208 253 265
20211209 246 256
20211210 241 249
20211211 235 250
20211212 240 236
20211213 236 224
20211214 227 224
20211215 227 221
20211216 226 215
20211217 225 213
20211218 224 216
20211219 219 223
20211220 221 219
20211221 219 223
20211222 223 227
20211223 219 224
20211224 223 225
20211225 218 227
20211226 214 230
20211227 217 237
20211228 215 228
20211229 219 215
20211230 218 197
20211231 216 196
20220101 215 182
20220102 221 162
20220103 220 152
20220104 212 145
20220105 209 138
20220106 205 137
20220107 205 133
20220108 197 137
20220109 196 135
20220110 194 136
20220111 193 146
20220112 202 159
20220113 201 168
20220114 203 178
20220115 200 181
20220116 202 175
20220117 202 168
20220118 201 163
20220119 204 174
20220120 207 176
20220121 206 178
20220122 211 198
20220123 214 212
20220124 219 217
20220125 226 223
20220126 226 230
20220127 225 229
20220128 220 242
20220129 215 249
20220130 215 260
20220131 219 260
20220201 215 270
20220202 215 278
20220203 215 285
20220204 217 297
20220205 222 315
20220206 221 331
20220207 230 341
20220208 234 353
20220209 237 357
20220210 234 356
20220211 227 352
20220212 230 344
20220213 224 344
20220214 225 343
20220215 221 345
20220216 220 351
20220217 226 347
20220218 220 338
20220219 213 344
20220220 210 348
20220221 209 335
20220222 206 329
20220223 206 327
20220224 200 317
20220225 198 304
20220226 195 305
20220227 195 292
20220228 192 292
20220301 189 277
20220302 182 280
20220303 182 270
20220304 177 260
20220305 170 264
20220306 164 256
20220307 160 239
20220308 154 225
20220309 144 214
20220310 142 201
20220311 137 200
20220312 135 202
20220313 135 194
20220314 132 189
20220315 131 184
20220316 130 186
20220317 132 188
20220318 131 182
20220319 125 181
20220320 126 191
20220321 139 187
20220322 140 181
20220323 135 175
20220324 135 171
20220325 129 166
20220326 127 166
20220327 122 165
20220328 125 159
20220329 122 158
20220330 123 151
20220331 127 153
20220401 129 152
20220402 126 154
20220403 131 154
20220404 133 149
20220405 140 146
20220406 137 146
20220407 144 150
20220408 149 147
20220409 153 159
20220410 156 159
20220411 158 153
20220412 159 156
20220413 162 164
20220414 163 162
20220415 165 164
20220416 166 174
20220417 167 180
20220418 165 183
20220419 165 169
20220420 158 167
20220421 158 168
20220422 157 176
20220423 159 187
20220424 162 191
20220425 165 200
20220426 169 223
20220427 170 230
20220428 176 241
20220429 175 257
20220430 174 270
20220501 178 272
20220502 178 277
20220503 175 279
20220504 174 278
20220505 175 296
20220506 176 305
20220507 173 312
20220508 179 332
20220509 179 330
20220510 175 348
20220511 178 352
20220512 177 357
20220513 173 351
20220514 175 353
20220515 172 355
20220516 175 358
20220517 177 357
20220518 178 367
20220519 177 369
20220520 174 369
20220521 176 378
20220522 183 371
20220523 182 362
20220524 179 362
20220525 183 360
20220526 184 345
20220527 185 334
20220528 181 333
20220529 189 326
20220530 192 315
20220531 194 319
20220601 196 317
20220602 199 315
20220603 203 315
20220604 197 308
20220605 200 318
20220606 197 314
20220607 195 302
20220608 195 315
20220609 207 300
20220610 205 297
20220611 207 290
20220612 208 297
20220613 209 308
20220614 215 308
20220615 209 297
20220616 207 311
20220617 206 300
20220618 205 316
20220619 204 310
20220620 207 303
20220621 203 302
20220622 198 301
20220623 202 308
20220624 206 305
20220625 205 315
20220626 210 321
20220627 214 326
20220628 210 331
20220629 206 337
20220630 202 338
20220701 206 342
20220702 205 347
20220703 200 343
20220704 201 340
20220705 201 323
20220706 209 320
20220707 208 315
20220708 202 295
20220709 194 297
20220710 199 300
20220711 202 307
20220712 207 307
20220713 206 302
20220714 209 303
20220715 210 307
20220716 212 288
20220717 217 290
20220718 219 269
20220719 225 264
20220720 221 254
20220721 219 267
20220722 229 266
20220723 226 256
20220724 223 255
20220725 223 243
20220726 216 247
20220727 215 235
20220728 216 221
20220729 220 218
20220730 216 208
20220731 214 209
20220801 214 206
20220802 218 211
20220803 222 209
20220804 226 210
20220805 228 210
20220806 224 212
20220807 228 215
20220808 224 210
20220809 222 202
20220810 221 194
20220811 217 197
20220812 216 186
20220813 214 187
20220814 222 182
20220815 219 185
20220816 218 184
20220817 220 195
20220818 218 204
20220819 216 204
20220820 214 201
20220821 208 214
20220822 209 211
20220823 209 214
20220824 211 211
20220825 215 210
20220826 213 221
20220827 213 227
20220828 209 220
20220829 212 225
20220830 211 216
20220831 210 219
20220901 210 214
20220902 205 217
20220903 202 218
20220904 194 225
20220905 190 229
20220906 186 230
20220907 191 227
20220908 189 231
20220909 187 237
20220910 182 232
20220911 181 236
20220912 177 232
20220913 171 239
20220914 180 245
20220915 185 248
20220916 186 249
20220917 189 247
20220918 193 253
20220919 199 260
