41     57.551391
42.1    59.88006
42.1    59.88006
44.1   59.547393
43.6    59.88006
43.6   59.547393
42.9  59.0483925
43     58.882059
43.2   58.882059
44.4   58.882059
44.5   60.545394
45.4   63.539397
45.9   63.539397
52     63.872064
53     63.539397
52.5   65.535399
51     64.870065
50     63.872064
50     63.872064
50     67.864068
49.2     66.5334
49.6   68.196735
50     69.194736
49        67.599
50    	67
49          68.5
48.5  	69
49.8  	67
48          68.5
47.8  	64
47.7  	58
47    	63
46.3  	60
46.7  	63
47.8  	60
